8074
8076
8075
8014
8015
7981
7982
7972
7973
7494
7495
7465
7467
7466
3244
3245
3194
3195
7194
7195
7190
7191
7031
7033
7032
2304
2305
6266
6267
6258
6259
6100
6101
6089
6090
6002
6025
5970
5971
5766
5767
5678
5679
5413
5414
4540
4541
4167
4168
30
1412
1210
150
4403
1006
1338
1404
1409
173
1407
2104
2111
1405
853
1403
7240
1335
1346
1278
1410
1355
1408
1406
1411
1867
1866
1248
1373
1235
199
1009
996
646
946
2249
2254
2083
1993
13
5543
5934
5800
7583
6950
8024
8271
6618
7318
8251
7765
5437
6153
6152
5182
6229
6126
6213
6108
6230
6228
5061
5264
5624
6168
5782
5778
6979
6978
7931
5798
6790
6093
2889
6490
6995
6306
6304
6239
5246
8146
6064
6869
6870
6717
5809
1003
6251
6242
2037
398
6922
6062
4894
4652
6867
5189
5566
6060
5818
6876
6877
6822
6878
6865
5684
5563
5561
6928
5200
6132
6555
7851
6638
7849
7792
7852
7850
6421
5943
4527
6124
634
2686
5980
4621
3285
6111
5977
6105
3962
4886
7768
7916
7164
7659
7915
5935
6982
6981
3478
4041
6036
6034
6030
6037
6035
6033
5978
6001
6884
5020
5569
5565
6943
6736
7245
6615
1004
4829
6856
6063
5753
6061
6624
7649
7172
7821
7822
7757
7751
7736
5432
7287
7285
7283
7286
4126
7533
3814
6174
7770
7529
7527
7528
6918
8077
7400
7587
7585
7178
7035
6980
7741
7742
7651
7662
7650
7660
7661
6812
7860
8055
8056
8057
4341
7563
7803
7801
7804
7802
7800
7044
7805
5760
7377
7374
7799
5835
7927
7925
7923
7922
3293
7321
7594
8044
3355
7694
7450
7445
6139
7448
7446
7447
7624
7554
7512
8128
7618
4435
7871
7867
7870
7868
7769
7818
7695
7561
7882
7883
8122
5289
7503
7501
6945
7979
7978
7119
7118
6635
4715
6930
6929
6204
4781
6120
6620
6270
7203
2511
7173
2940
7392
6081
5947
5944
6873
2925
5824
6705
5582
5949
5527
5096
7948
7975
7976
7974
7570
6330
6954
6829
5540
6612
6489
6984
6974
6985
3873
8038
6240
3792
6861
6866
6864
6862
5644
6570
6328
6339
6366
6770
6810
6696
6804
6811
1159
6005
6003
5897
7270
5702
7317
5171
7373
7371
7131
7453
7451
7458
7456
7454
7461
7459
7457
7455
7462
5479
6516
5103
6073
6074
6029
6039
6955
5787
7063
5545
6176
5558
6214
6212
6215
6458
6457
6455
6453
6451
6454
6459
5248
6452
6450
6337
6389
6148
6144
6142
6147
6145
6143
6141
2765
4980
6953
6227
6926
6625
6619
6927
1722
1542
6096
5115
5850
6059
6058
6056
6057
2283
4012
2423
6261
6083
7691
6009
5415
6236
6447
7074
2589
5596
6844
6842
7520
6726
6843
6377
7359
6841
4065
5783
6896
2774
6348
6349
6317
6324
6017
6350
5176
5121
6135
5295
5410
7510
7509
6784
7269
7267
7265
7268
6166
3830
6760
4737
5859
6761
7092
7834
7302
8033
7812
7832
7830
6548
6676
7952
7831
7836
5106
7297
7365
5104
5105
7397
5664
6032
5427
7279
7481
7413
7480
6098
4070
6043
7143
6986
7142
7961
7759
7960
7959
6901
6296
6292
6297
6293
6291
6294
6525
7101
7098
4134
6170
6219
6938
6940
6600
6604
6602
6603
6601
6165
4308
6523
6969
7715
6968
6589
1554
6897
6855
6776
6854
6846
2278
1915
6921
6774
6999
7004
7002
7000
6998
7009
7007
7018
7016
7003
7014
7001
7025
7010
7008
7019
7006
7017
7028
7015
7013
7022
6899
7027
3015
6010
5830
5806
7913
6756
7735
6611
6598
7040
7036
5872
7484
7506
5925
5924
5804
6232
6375
5808
6374
5956
7243
7204
5801
7255
3334
4553
6045
7343
5984
7352
4451
2839
7113
4885
4883
4881
7430
4705
7428
7426
5761
7046
7431
7429
7427
6026
5032
4542
4544
6702
5199
7326
7414
6246
6244
4944
7082
5186
7038
5857
5360
5439
6428
6429
6858
6594
6123
7498
7254
7439
7380
7403
7401
7170
7404
6568
1667
5855
5384
7122
7123
9
7
18
5
16
14
12
10
21
19
5254
6218
6351
6371
1762
4795
7023
7206
7205
7257
6647
5708
4982
5908
2620
6415
4874
6469
6118
5532
6566
6565
5827
6645
2752
4967
6832
7348
6671
7355
7353
7121
6845
7349
7347
6577
1087
469
3381
6643
6522
6467
6654
1701
6414
7151
5671
7737
7706
5680
5846
5853
5854
5852
6723
1695
1698
1694
5638
1699
7763
7762
7760
7758
7761
7946
7381
6707
5526
7620
7619
7815
7394
8157
8155
8158
8156
7617
7615
8097
7609
8159
7176
7616
6223
854
6652
6221
6703
6208
6650
58
166
232
436
437
6648
6272
6935
553
4862
311
3439
4213
6217
5612
351
6646
109
4310
6052
6050
6048
6046
6053
5514
6051
6049
5673
7653
7986
4297
4425
5071
5102
6681
5531
5181
4792
4859
8079
4507
8126
6542
6541
5605
8153
7856
8041
5000
7908
7905
7685
4476
5114
7697
7904
4937
5001
7909
7788
2914
5745
5744
4418
4777
5636
5645
5756
5755
6700
6701
5326
2935
7574
5465
5298
6783
6044
8009
7829
8010
8013
8011
6795
5015
5839
7716
5838
7717
7841
6765
1879
6947
6314
5604
6644
791
7899
6417
7416
1010
1299
5991
5811
5902
7417
7505
4361
7344
7342
7345
5179
7703
7934
7932
7930
7935
1796
5166
6655
3459
7549
7376
6972
7096
5363
1473
5765
5472
5191
5764
6479
5177
237
6653
1055
5863
5861
7726
7728
7350
7045
1493
6751
6757
7544
7724
7047
8276
3541
3824
2975
7497
5148
7745
5780
5552
7683
7686
7684
5963
5959
5946
5093
5885
5964
5962
5958
5662
7707
7704
7705
6720
6718
6599
6665
6730
7223
8028
8027
6731
6729
6732
5790
5789
2902
2416
3270
1042
1847
7146
2598
2548
5208
2628
6840
2276
6042
5656
5188
6651
2905
1603
1602
6488
5549
6220
1548
4870
5541
3642
259
2181
2179
2180
1361
1372
1089
1195
5828
5773
7175
7174
7179
7177
1359
1351
8141
8144
8142
8140
6367
8145
1362
1349
1356
1354
6649
6299
7336
7293
7332
7337
5802
8225
6492
6435
7491
7557
7060
7246
5788
6472
6470
6967
7647
6464
6530
6407
6406
7652
8090
6491
6749
6047
6806
3345
6486
7144
7145
6408
4687
6412
6410
6413
6411
5448
6552
6860
5424
3088
5932
4630
2294
2673
2671
2160
6793
6794
6744
5998
737
5352
7525
7323
7523
5478
7524
7522
6917
5382
6924
7720
7162
7163
5521
5462
7730
7729
5203
7669
3636
1179
816
5796
7890
7889
7887
7888
7886
4144
6359
5178
6247
5862
5741
7835
7955
7956
7954
5002
7601
6728
6706
6727
5807
5739
3403
5697
5891
5889
5888
6441
6439
6960
6021
6692
4798
6381
6379
6958
8124
6699
6698
6697
6334
6332
6333
5837
5833
6963
6532
6961
5738
6423
7214
7211
7212
7210
6959
6528
6527
6781
5301
5907
7393
7840
4063
6962
5860
4437
6302
6301
5926
6663
6474
6311
2913
5812
8049
8045
8054
8052
5799
6271
5660
6668
6422
7966
6983
7969
7970
6554
5626
6255
6253
6254
4401
8139
8005
8227
6380
5890
6803
6802
2855
3242
7362
5952
5589
6632
6511
4604
4791
6539
6537
6535
6533
6536
6534
6319
5321
6816
6526
5628
5629
5627
5625
6815
5079
7771
7837
5310
7844
7842
5570
7845
7843
6550
7298
7848
8277
5145
6778
7029
2851
7252
7251
6622
6623
865
5871
6773
3522
5616
5011
5816
6608
5185
6190
5022
6502
6755
8095
8093
7865
6161
7153
7945
6788
6787
6661
6660
6769
8091
7790
7964
8096
7907
8094
5019
7980
6298
4767
5814
6987
7183
7434
6023
7508
7024
8058
6121
2415
3586
5883
5972
5981
5986
5982
5989
5987
5985
5983
6680
5990
5770
1008
5317
5196
6243
7482
7483
3786
27
6443
1074
5262
6224
6222
5754
3960
5933
7914
6496
6485
6484
6495
6493
6007
6016
4409
6015
6013
6483
5999
5273
5823
5810
6628
6494
896
5997
6791
5942
5938
5399
5945
5967
3340
265
5150
6305
6617
2680
5821
5524
6551
6067
6936
6066
7740
5940
5819
8071
8072
8070
5880
5832
1497
1551
2744
6006
6446
6444
6394
6641
6639
6448
2623
5533
6279
3504
5240
637
2502
5630
6327
6883
7159
7157
7155
6416
7215
7160
7158
7156
7154
6880
5696
6501
1937
769
1045
1048
1047
6325
4713
6517
6828
6323
5584
4416
6510
2188
6134
6563
2562
2065
4843
2507
6440
1876
5017
5714
6800
6798
6500
5398
6456
6801
6797
5822
7030
8275
8150
8274
7315
7061
7690
6627
7632
7444
7629
7614
7625
5342
6695
4988
7390
7630
7199
6775
7402
7281
7598
6538
7088
7515
7513
6734
7471
3521
6000
7486
7487
7485
7230
2908
6071
6245
7171
5404
7220
7221
6158
6155
840
5028
7626
6127
7546
7623
1874
5591
6946
7085
7688
8007
8006
5966
7642
7440
7084
7590
8019
7087
8035
8025
7407
7423
5657
4489
275
4221
5965
3603
3132
5655
7316
7273
7534
44
17
7478
2285
2308
6586
6584
2315
6582
6580
6578
6587
6585
6583
6581
6588
2313
2311
5160
2312
6579
2310
6097
6895
6900
6779
7476
5501
7474
6907
7235
7234
7232
7470
7052
7150
7468
5988
6914
7894
7892
7719
7372
7873
7891
7477
7354
7057
7473
7231
4532
2062
2380
7055
5201
6180
3600
7236
4832
5446
7239
6524
6280
7638
7639
1098
909
6758
3683
1358
6714
7305
2258
4739
7086
7260
7469
7080
7797
24
3352
4044
4809
4991
4945
1453
3923
1720
1188
3175
3107
3842
2109
3924
3682
1452
3925
285
3000
1896
3304
3120
2139
3305
2093
2102
2703
2842
3617
3095
3412
2229
1697
2552
2050
2051
2049
1198
3411
4486
5726
4365
4362
4360
5412
5284
5401
5397
4333
5332
2003
2700
3976
6257
5914
5481
5303
4927
5917
5260
5388
2687
2324
3468
3653
3654
1385
4840
4407
4405
4966
3743
5232
3319
4056
4074
5238
3767
5243
5265
3035
4082
5195
5261
4408
3777
4413
5139
4055
4166
4165
4163
3813
5133
1706
3239
3512
3882
3526
3477
3921
3800
3978
417
3551
3552
3550
2619
3666
4363
2256
3038
3043
3042
4471
4470
2135
2819
3623
3114
2067
1717
1829
2626
1873
1871
1869
1870
2627
1596
1611
2982
4040
8226
6269
6709
7827
7828
7826
6278
4800
8204
4200
4398
3569
3435
4482
4119
3180
844
843
3059
3858
3865
3864
3862
8294
4083
2696
4275
4426
3087
4750
3622
1286
5757
4529
4432
8242
2956
3125
4503
4504
4502
789
6481
6480
5058
5057
3393
5633
1002
4814
5509
5508
5507
5120
5683
5649
5661
5682
2364
4563
5068
4947
5069
5067
5039
4976
1920
2307
3895
3896
1005
5743
3460
5202
5353
4683
1001
5994
5992
5506
5504
5505
6553
6432
6431
6430
1565
4530
1653
5155
5473
2456
4671
4757
4633
4774
4782
5463
5460
5461
5100
5097
5095
5098
4977
5496
5494
5497
3554
5470
4797
2281
3073
7290
2831
5537
5535
5539
5055
5054
5052
1780
1547
6606
4820
4819
2350
2349
4051
4050
3917
4735
4740
4738
3823
4736
4743
4675
3567
3796
3797
3795
5183
5192
3433
4931
4480
4475
4473
4478
4479
1097
2367
2144
4595
4459
3496
4596
4594
4218
4217
4597
4250
4431
4440
2252
3444
3577
2478
3349
2804
3553
2010
842
3057
4104
600
4071
5226
728
3033
4441
3018
3400
3398
3401
3399
3397
3395
856
3458
4897
5499
7912
7869
7911
2475
2471
3164
3162
3158
3163
3061
3070
2225
6613
6768
5511
5510
2060
2059
2542
3509
3096
6004
6719
6782
5197
6313
5452
767
7115
7112
7111
7109
7114
7070
7071
6739
6735
6738
6378
1315
2885
2950
2987
2192
2736
2741
4709
6766
6764
6767
6545
5316
6546
6398
7874
3002
5040
4741
4992
5038
772
1564
1663
2709
770
5829
6821
6824
768
8042
8040
8174
8162
8172
8170
8171
7893
1837
2251
3074
3071
3076
6892
1521
6833
6771
6835
5276
6836
1165
1899
1948
1946
1352
6344
6607
6605
3378
4412
2760
5784
4601
4602
2747
3675
3676
2384
3594
4053
3686
974
2998
3605
3606
2947
5162
5158
5163
5161
5159
5164
5167
4821
3631
7104
7184
6518
7189
7187
4238
5217
7188
7099
4181
4180
3926
4623
2516
5109
5112
4247
5455
4244
5599
4242
4240
5602
4245
4243
5598
3249
4241
5603
4246
5601
4355
2958
4234
4467
3145
5239
4179
4178
4176
4174
4177
4058
3937
3936
3935
1951
4742
3453
6777
5354
5355
5306
6054
6041
6725
4651
4880
6809
6807
6808
6805
5393
4474
5033
5471
6826
6571
4124
5047
3185
5048
5046
4929
5477
2822
5367
5365
5366
5286
2338
3361
3434
3009
2646
310
1842
1828
1839
1826
2405
2403
1834
2406
1841
2404
1827
1825
1103
1102
1784
1785
2955
2952
2954
2322
1649
424
1979
1240
5844
1977
2265
2291
2292
688
2593
3049
2631
2632
2630
3083
5721
5720
2400
935
1742
1882
1883
1881
1770
2341
2794
2793
2121
2106
2669
2668
1191
5920
7766
5915
2988
7049
2117
690
1319
6789
7363
1450
1448
3237
1449
1713
1712
338
5210
7608
5209
5275
8064
8062
8065
8063
7775
7026
1746
1745
1743
2375
2924
2241
2239
2120
1757
2152
5072
5751
5752
1520
1656
1655
1749
2325
3322
5651
3489
3487
1903
1902
1285
2138
1901
1900
1888
2293
2295
6505
3585
3680
4256
4285
4283
4284
4485
4232
7292
7291
42
2699
4564
4443
4551
2323
3003
3008
805
1244
3007
3821
5222
5221
5219
5220
5218
4751
3812
4538
3691
3832
4481
3449
66
2510
1113
1342
3557
3674
53
4389
4483
6326
6107
6383
5706
6080
6079
5288
5281
7193
5280
5287
7192
3999
2576
5717
3296
3437
3440
3438
3436
3394
5417
5416
5564
3737
5882
2226
1166
6164
3602
3260
3963
3964
1032
1519
5233
7383
6312
6315
7382
1729
4366
2028
3005
3718
1608
2481
2480
2655
6543
2969
3689
306
1141
1018
4728
4727
1700
2414
2244
2372
2399
3616
3613
1199
1740
1738
1736
1677
1739
1737
2079
1595
1714
2216
1646
2767
2766
2209
1965
903
1277
1275
1273
1568
1276
1274
1272
3021
3191
5969
7309
7310
1537
1575
1574
2206
1236
1984
4641
4640
2097
2422
1492
2412
2287
2413
1732
1731
1378
5445
5781
5643
692
2665
2664
2661
1353
3568
4292
4318
6162
4321
4319
4320
4265
3447
5044
4312
7262
6724
6225
4815
6920
4934
4316
5013
5009
6109
7222
5368
4654
5065
6997
6996
1111
2191
2189
2187
2190
4373
4368
4369
4372
4370
3084
7586
5051
7053
7738
7679
3313
2145
4377
2194
4664
3192
4279
4277
3598
213
4280
4278
2645
2644
4274
1795
3634
6544
6547
4547
3673
4946
3258
4076
5123
5707
5903
5899
5361
5769
5877
5070
5873
5884
1835
2505
2503
2653
3535
3036
3592
4159
3383
546
3808
2411
3765
4500
5652
5653
3893
3766
7304
3669
3668
3078
4384
4344
4378
4383
4381
4382
4380
2398
4543
2808
5283
5609
5607
5174
3384
5613
5611
5198
4613
4612
4263
3367
4259
4260
988
3887
3886
3645
3700
4456
4454
4457
2706
1980
3027
5440
5438
5386
5344
5436
2906
2785
2783
5377
2784
2782
5376
7197
3014
4617
4615
4618
2651
2695
4620
4619
3318
3316
2698
3314
2964
3822
3809
3202
2342
3268
3629
3628
3772
3262
4993
3825
4254
4938
4952
3282
1925
3898
4985
4198
4648
4030
2176
3410
2108
3914
4231
3037
3785
3409
2683
3609
3312
2694
3849
3848
3486
2692
4047
3911
3548
4111
2701
3856
3317
3196
3183
3062
3867
4780
3933
3315
4778
4866
3456
5544
5542
5512
5468
5339
2517
2515
2513
4733
2514
2512
3443
3742
4609
4622
4629
4627
4511
5308
2033
1549
2546
3912
4662
5454
5703
7185
2366
2566
525
3719
5692
5637
5285
5391
5215
5213
5214
1777
1775
3992
2677
5776
6634
6633
7938
8253
8256
8243
8254
8252
7095
7089
8255
6951
7991
7881
7636
6346
3445
2277
8175
4303
5482
5878
5876
5874
5875
3991
4189
4957
3705
6912
3745
4550
3138
4009
3633
3094
3939
6609
3466
5305
5841
5842
5840
3961
7168
7167
7166
2833
3880
5732
5731
5729
5730
3770
5312
3764
2904
4272
2607
7237
4468
4636
4776
4773
4574
3788
5856
3643
5834
5520
6028
1307
4091
4089
4092
4090
3872
2354
5347
5345
5343
5348
5346
4448
5315
5314
3388
4072
4577
3656
1239
3625
4120
4169
3949
4123
4128
4237
4236
4155
3714
3454
4317
4568
4566
4311
4567
4565
71
4138
742
608
5476
3943
5184
3944
4813
5475
5405
3641
4688
1305
4199
4516
3973
3538
4893
3677
4188
3324
4853
4932
4255
4818
7108
7103
7106
7107
1184
5130
5127
5128
5124
5122
5129
3144
4465
4469
4214
4191
5525
4995
5530
5495
4996
4334
4337
5516
5523
5519
5517
4336
5522
5518
5274
2660
3545
432
7443
3803
1060
3801
5466
7953
7813
6252
3148
3618
3619
4261
4696
4694
4692
4703
4701
4699
4697
4708
4695
4693
4704
4702
4700
4711
4698
4707
4710
4477
6780
6658
8086
8084
8036
8023
8087
8085
7490
8053
8069
7020
2091
2238
1365
701
2604
2603
1621
2359
2360
1802
713
5693
5689
5690
7862
4706
4823
4825
839
3452
3089
5941
5939
5937
5704
5836
5282
5930
2713
2592
3276
122
4323
2900
3044
3143
3827
2658
7985
3463
4257
4510
1127
993
1281
3888
1803
1480
2052
5064
8199
1800
1637
2748
2749
2132
830
2126
2069
1693
1339
2386
2131
2195
2127
1707
2082
2081
1582
1848
975
3205
2204
2149
2203
5423
5390
5709
6288
5422
5418
6287
4013
4014
3892
3386
3890
1794
2223
3833
3891
3889
2488
1947
3802
3556
3488
3799
3555
2832
4264
3650
3638
3632
3640
3649
3529
3524
3408
3407
3405
3516
3374
3511
3514
3510
3515
3274
5718
1167
2585
3920
3918
1494
1495
8292
2835
1498
2650
2649
3200
3817
3032
3140
3137
3201
4569
3958
4607
4608
1972
2790
4720
3475
4721
4066
4763
2535
3983
6286
3761
3990
5600
3995
6355
5995
6356
5375
5374
5372
5370
5373
5371
3959
3981
3979
4406
6082
3986
6146
3989
4673
3987
4266
3945
4755
4024
4023
3903
3901
3900
749
7778
7777
7773
804
4011
4010
3527
3406
3635
4723
4211
4077
2909
5322
5320
4718
5640
5110
3624
4442
2910
5387
5207
3835
4759
2667
3565
3563
6078
6077
3566
4761
2775
5016
5785
4626
4059
5786
5003
2852
3086
5018
2654
3684
3187
3693
3687
3698
3696
3186
3694
3690
3697
3695
3184
3182
3472
4827
4826
3659
1310
3877
4682
4963
4979
4978
371
1487
1765
1485
823
2165
7277
7789
7422
885
643
3338
6934
3871
3870
2253
4117
1446
1445
936
881
880
945
83
1196
1194
3193
1260
897
862
7795
7796
5459
5713
5711
5712
5710
585
1322
1735
717
849
902
4661
4560
1157
4306
3620
4304
3621
4305
1023
1573
1261
1813
1812
6388
6387
6852
7809
7747
1956
2558
2556
2563
2561
733
792
1468
4796
4789
4787
4785
4794
4790
4788
4793
2339
2334
2337
2335
2336
5775
5763
5774
5419
5771
1211
2551
2938
2936
2941
2497
2939
1886
2933
2215
2789
2919
2845
1222
1197
2643
2635
2633
2642
2640
2636
2634
2641
2639
2637
1863
1044
1071
1072
1070
1031
2352
1719
2353
2351
868
867
1726
1721
1724
1725
1053
1052
664
797
1635
1634
3404
6307
8263
3855
1297
3735
3733
3188
3630
2099
3560
3518
3571
1488
1099
3525
3523
3508
3343
3275
2791
3946
3441
3528
3031
2171
3392
1872
3722
2605
3731
3729
3727
3725
1134
3039
2918
2921
3723
3481
3611
3301
3730
3189
3055
1766
3726
3376
2382
3053
3482
2314
1709
3306
4088
5364
3967
3966
813
968
2523
2968
3646
2410
2788
2597
3284
5078
5081
5077
5080
1437
3207
3206
4402
4322
4399
4397
4395
4393
4396
4394
1457
1444
2218
2219
3875
2815
3011
5848
2076
2663
3028
5267
6686
4779
6376
6321
5043
6462
5350
4987
6529
6340
6670
4684
6409
6475
4216
4887
6427
6426
6130
4639
4638
4584
4650
5442
4822
6685
6684
2907
2544
3907
3906
3904
3591
3590
4746
3457
2289
3905
4404
4876
5430
5429
879
2973
1550
2057
2058
2056
3402
127
3265
3264
3263
3261
3769
3357
3580
3579
3578
3708
6156
6331
6675
6673
6678
6674
6672
6679
6677
2652
2656
3587
7708
3584
3582
3581
1425
1421
1422
1308
1744
3707
3610
3703
3706
3704
3702
1918
2957
2963
2961
2962
2960
3713
3711
3712
5928
5911
5909
2290
6055
2288
3531
3520
2928
2977
4453
4449
4452
4450
3351
3300
3549
2685
2684
2682
2811
4831
4830
4252
7604
7012
7875
7944
1267
3228
3226
2072
2877
2930
2931
2876
2929
8178
8184
8182
8180
8183
7472
7853
8181
8179
8177
1100
2402
2946
2945
2944
4811
4810
2999
3013
3012
3804
4315
5277
5278
3965
3026
3881
3876
3863
4999
4864
5817
556
1374
6850
6847
5500
7602
2738
1865
7721
3297
7351
7360
7120
8297
6745
6746
2739
7301
7300
7299
7059
7048
7051
6320
7233
8206
8202
8205
8203
7861
8168
2764
5578
5583
5581
5580
8002
8000
7998
8001
7999
1132
3455
72
3176
5536
3390
4611
3692
2841
4625
5794
5175
4447
5118
5006
5675
1674
5695
5515
5698
4152
3092
5931
5135
5309
5705
5050
5117
5126
3910
5358
5356
5357
4591
5588
5587
5333
1924
3897
5815
6871
5813
5435
5820
5579
5803
5797
2595
4005
3540
1185
3450
4324
4581
1990
4062
2659
4141
4148
5950
4354
4352
3024
3109
3744
3954
3952
3955
3953
2674
3479
325
1360
4817
4665
4816
2348
2298
3103
5395
1935
3829
4150
1922
3787
1680
4726
2727
3532
2485
3542
3747
3422
3750
3746
3753
7833
7637
3333
3754
3090
7965
1075
1366
3243
3241
3240
3290
3519
1062
1258
1256
1254
2178
1257
1207
1282
2085
2196
2199
2184
2092
2198
3956
4599
1255
457
7957
7034
5631
1733
4766
3464
68
6682
6683
4896
4269
4267
2041
2859
4186
4184
4332
4171
4170
4677
4552
4185
1691
4953
2967
4086
4085
1799
3664
4335
5577
5562
5528
5647
5658
5669
5667
4935
4744
5670
5668
5193
4936
4201
4202
4209
4207
4203
4210
4208
4206
4204
3717
4035
4764
6837
2657
3016
3762
3760
3758
3589
3763
3759
3583
3757
3544
3679
3543
2186
1247
5431
3462
5327
5329
5330
5328
763
1897
1887
4964
521
3662
4588
4890
4889
2118
4212
4799
5362
5635
5271
3970
3957
3968
695
3728
3607
5005
2547
2949
4762
90
3110
5204
4036
5083
5084
4962
1808
3902
4828
5116
6106
6091
5434
6721
6070
5085
5955
5665
6092
3660
4375
4586
3647
2237
4852
4863
3211
3869
4861
4857
3216
3214
3159
3212
3223
3221
3208
3219
3217
3215
3213
4836
3224
4834
3222
3220
2978
3218
4841
3108
4839
1509
4850
4837
4848
4835
4659
2994
4844
4855
4842
3685
4851
4838
4849
2458
4860
4847
4858
4845
4854
532
827
3847
3845
3844
2787
5036
5035
2786
4531
4760
5457
6149
5792
4289
3350
4276
5323
4748
6038
5008
5255
6656
5029
5324
4533
5296
4142
4021
3197
4019
3658
3537
2986
2995
5024
5060
5063
3651
5059
5062
3652
3595
2369
5231
5224
5229
5227
5225
5230
5228
383
2356
2114
3678
3837
3836
3834
2932
4235
4093
4251
4249
825
3199
4783
4042
5351
4678
4986
5674
3816
8246
5426
2217
6592
6590
3326
3469
5737
5735
5722
5623
5622
5740
3470
3655
4097
3908
4095
4100
7250
4096
4173
4039
5592
3724
4498
4771
1133
4045
4521
5092
5090
5088
5086
5091
5087
3106
5249
2972
2970
7734
7732
5694
5663
6235
2971
4824
5291
5290
4219
2688
5132
3614
5961
5513
3843
4526
4034
2433
4523
6521
6519
447
3321
4655
7493
4660
3490
2309
7992
1011
3480
3783
3564
3781
3779
3784
3771
3780
1147
3117
3113
3878
3637
3112
3346
4043
4038
4151
3667
2257
3465
3291
6460
4248
6169
4960
4786
4338
5747
5748
5746
5749
5045
3854
4965
2565
3851
6737
8261
8260
5247
7676
8050
3354
2989
8237
8236
8224
8169
6933
7791
7186
7065
7857
4298
7668
6942
7116
7921
7919
6889
7920
5772
7569
3850
8051
8216
8215
8021
8020
7567
7996
7995
7928
8249
8229
8248
7994
5887
7389
8262
7442
7441
6461
7011
7319
7320
7064
4605
4603
4295
7634
5406
7819
7201
7588
5910
4940
7750
8190
8241
8272
8270
8273
7678
8068
6295
4562
8132
8131
4331
7593
7701
8130
8209
4558
7228
8073
4327
4325
6848
7666
4631
3353
6923
5245
5241
5244
5242
7110
7673
7605
4583
4328
4031
4326
7238
8264
8265
8266
4417
4414
203
2297
3385
2898
3377
3382
4162
4164
4027
766
1971
2981
7149
1571
3665
4712
5428
5456
2134
4229
3819
4136
4007
3948
4386
4349
4307
4340
4345
4348
4346
3168
4536
7037
5136
4765
1140
5341
5337
5336
5449
5447
5334
2066
4068
3147
4194
4192
4195
3597
2064
2871
4427
4436
4434
4445
4430
4439
4446
4444
4466
3663
2240
7517
8133
2487
4225
4223
4220
4635
6567
4183
1769
4898
4973
4971
4969
4974
4972
8293
3424
2320
3233
4025
2318
3418
2316
3416
3495
3427
3493
3425
3491
3423
2321
3500
2319
2317
3494
3426
3492
3499
3323
3497
4028
4026
2440
4534
1151
1961
4593
5650
5648
6088
6226
7879
7878
7341
1996
1994
3366
4400
5380
5385
5381
4037
7180
8106
4455
4539
4884
7610
7613
7611
2172
6360
8104
4882
6747
3593
8102
6316
8100
5993
6072
4904
4891
8111
8098
4205
7117
5010
7425
8109
4592
6202
7128
6068
4282
7181
8107
5892
3985
6200
4911
7126
5140
6508
6506
6509
6507
6616
8105
7124
7929
7808
4291
8103
7135
8061
7564
8114
7993
8101
4342
4918
7133
4905
4663
6636
8112
4353
4916
4903
8110
4364
6445
4914
7129
2807
2444
3115
8108
4725
7140
8066
4912
7127
6885
4428
4415
7677
7877
7743
4347
4923
7138
3984
4910
7125
4921
7136
4908
5913
8115
5053
4919
7134
4906
5590
7253
4917
7132
3749
7682
6151
6128
6150
7198
4915
7130
4926
4913
6886
7933
4187
6160
8012
4616
4924
7139
4669
6024
5553
7405
7271
4922
7137
1647
5485
5927
7900
7511
6906
4920
7885
5615
5923
6902
7452
5921
6834
7518
4001
7597
7100
5919
6119
8092
4925
5125
7903
6614
2976
4681
5378
8231
8232
8048
7284
7282
7043
8233
6975
3471
2611
3269
4624
5550
8099
2796
6863
3709
4943
5614
7424
3210
4833
6859
762
3169
2613
2974
3791
4329
3040
2110
3782
4343
2379
2762
4491
4496
4494
4197
4371
2948
4490
4127
4433
3639
4497
2711
4495
4493
3325
1688
4379
4509
3271
2524
4535
4545
4429
3448
291
2506
6759
4057
5311
3661
4359
4357
2264
2857
2858
4587
5300
5299
3190
36
7289
812
5144
5142
5138
5392
2009
4224
1767
2678
3982
2693
3657
3969
1633
3379
3278
3391
3389
3046
3225
465
3127
3701
3798
3942
3941
3815
3172
3909
4666
4667
4670
4668
7079
5572
8043
5573
5571
3498
6177
6175
4424
4423
4290
3001
3806
4492
4508
5639
5646
2746
3997
3947
3998
4719
4716
4714
2621
4598
47
1300
3309
4649
3417
5294
4222
2691
2328
4125
3373
4132
4130
3928
4139
4137
4135
4122
4146
4133
4131
4129
4140
4149
3839
4147
4145
4143
4154
4020
4153
3980
3375
4422
4464
3483
3883
87
5335
6281
6282
784
1058
4046
3562
4061
4064
4075
4069
4067
4079
3561
3670
4488
4717
6561
6248
2381
5111
4582
5119
2368
4233
3173
3596
3599
2689
5253
5252
5251
3615
4228
2326
3252
5467
4299
4296
4528
3010
3715
22
20
4
8219
8221
25
358
545
1245
2708
2705
7646
7644
7645
1294
1246
6560
7783
7781
7779
7782
7780
6881
7687
1420
1290
1295
422
363
379
377
375
374
696
998
930
1161
1124
893
892
814
959
1470
2272
2233
1318
1756
1985
2214
2212
2213
1367
1137
2112
2781
2779
5141
5216
1095
2255
23
942
1061
1123
1120
989
601
1593
1591
1590
1039
8212
4674
8211
8046
15
5666
6183
4008
6181
5805
4745
5750
4314
6179
4015
6188
388
4576
6186
6184
3041
6182
3160
6193
6191
6178
4647
5089
5263
2564
4658
4645
5154
5152
5153
5151
4524
6187
6185
3794
6196
6075
6020
6207
5534
6205
3977
6192
2567
6203
6201
6199
6157
5768
6197
3751
6206
4970
5610
4561
3259
3004
5916
3930
3688
4438
4933
477
476
481
480
3255
4073
1106
4190
4110
4105
4108
4106
4109
4107
11
2362
2361
2426
8286
486
8
778
3648
657
622
499
607
506
507
810
513
498
806
807
938
7241
386
76
760
758
624
625
875
874
389
524
523
519
522
520
782
738
8198
8196
8197
6
932
818
1669
1668
609
433
4942
1788
378
1654
869
1533
431
1478
1531
1528
811
1168
1610
1489
1642
1599
1643
1597
1476
1234
1502
1447
1555
64
1861
922
1223
1228
1226
1224
1231
3807
3063
3805
1229
1227
1238
1225
1232
1214
1619
1538
1535
1536
3155
691
1605
2409
1241
1264
1242
863
890
888
891
889
392
1439
1434
700
566
995
1679
3098
2236
3292
3279
2903
3209
3294
3123
2690
390
619
1490
1798
1797
1556
1501
1686
3171
2843
826
3235
3230
3231
3229
3234
3232
1423
3099
3093
3097
1687
1763
2116
3257
2182
2494
2492
2495
2493
2491
2496
2490
5864
2489
5868
5866
2055
2054
2979
2922
2504
3971
2498
8296
2545
2543
3307
3302
3298
3303
3299
3371
3369
3370
3368
1880
2575
2573
2574
2572
3446
1781
3154
3153
2571
2580
3506
2101
2100
2638
2838
3320
1613
2221
2222
8148
8147
1424
2966
2965
2724
3151
3152
1970
1849
1844
1853
1845
1852
1846
2720
1618
1617
1451
2797
3105
1752
1389
1387
1183
1383
1388
7161
1563
1559
1560
1558
1442
1681
1682
274
1321
153
160
159
219
217
1253
1506
1505
1503
1504
8134
8137
8135
8138
8136
820
765
2719
2827
2596
2608
2740
2802
2061
2792
2550
3167
3165
3166
2555
1823
2826
2758
2578
1463
1557
1394
1392
1391
1689
1326
1438
963
1436
1429
1768
1513
1512
761
1838
2156
2161
1233
2164
1986
2105
8290
2282
1524
1523
1390
2844
2721
2301
2599
2302
2300
167
904
1526
1791
1790
1747
1316
1631
2751
1441
1515
1516
1517
1641
1684
1685
1683
1507
6576
6574
6575
1144
955
1652
1651
1518
913
1041
1589
1671
1670
1692
1690
1221
1758
1755
1753
93
82
1716
1728
1648
5180
2387
5187
5190
5606
4899
5691
4909
1645
359
1514
1821
1472
907
1474
1657
421
1587
1584
298
1306
1386
5793
1787
1774
1773
1532
1035
2286
1187
2103
2169
2365
2648
2363
538
175
174
621
617
362
6965
65
1220
1219
1783
1639
2068
2159
2235
1789
1868
1662
1152
1150
802
799
800
668
63
171
1252
1154
2728
2113
2420
2419
1594
4689
6572
6573
1218
3
269
584
1600
138
567
568
573
571
569
574
572
28
211
77
895
1190
1170
1189
222
451
101
1014
396
154
4875
4868
6113
6116
6114
7492
6069
4672
4873
4871
4869
4801
4867
6112
6031
4872
1628
7050
8245
8244
5886
2151
2150
2148
2146
2147
2143
1201
1609
33
2119
85
88
84
91
462
341
2163
2175
2242
2243
1266
2670
1771
2205
449
86
1987
8291
2261
2262
2260
2755
2128
2224
2799
3558
4099
6890
6477
5688
5686
6478
5687
5685
6216
98
3050
3048
5936
6022
479
2923
3775
3841
3604
3840
332
2407
2418
2232
908
7553
8189
8238
7387
8193
8222
7967
7226
7545
8214
7968
7550
7502
787
3310
530
2809
915
2754
2753
898
2763
2761
2759
788
920
852
597
2570
905
916
3681
2016
3396
3536
6094
6129
5960
5421
923
910
2157
2155
921
3136
3135
3133
3131
3134
2397
2391
2396
2394
2392
2395
919
3576
3894
193
917
620
924
1672
1859
1860
1856
502
1857
1941
1855
1932
1890
1930
1831
1939
831
1711
1830
1840
1928
1926
1933
1929
1940
1938
1923
1934
636
273
31
715
721
720
718
716
460
405
163
6875
8166
8167
8060
6691
6689
6687
6690
6688
8284
472
216
658
662
661
645
282
618
563
495
1496
4411
632
562
641
648
565
1019
1017
1016
642
343
638
649
293
161
227
106
656
651
654
655
653
280
1250
2482
2343
2462
8083
8080
8081
1012
2247
2246
2259
2004
2002
1200
3126
2071
2250
2227
2579
2577
4808
4805
4803
4806
4804
4807
605
372
425
6813
1723
2847
2850
2848
2846
2853
2849
38
225
104
1030
667
4463
2047
4460
4458
4461
4462
4600
5490
5488
5486
5491
5313
5400
3181
5489
5474
5483
666
49
504
236
234
463
113
1160
221
1026
7577
5173
1025
552
5099
7580
7578
8165
7565
1215
7576
6274
6595
850
7090
7165
5487
7581
6976
7296
7579
7229
7227
7280
6520
7767
7225
7595
7600
7599
7054
7531
4879
3348
3356
3359
3362
3360
3358
3227
7415
7294
3601
6916
5143
1021
6241
6941
7379
2452
958
406
4487
7094
4686
56
841
1820
1644
2757
1462
1792
2340
1962
1553
2299
1875
1499
1202
582
1143
2569
2435
2434
1696
243
381
384
382
1067
1065
276
967
7866
230
1703
1710
1708
1704
96
659
801
859
2428
2429
2427
2197
725
1638
120
228
670
669
428
415
2005
2001
5733
1891
1522
1037
857
1064
855
851
970
723
239
226
6437
6436
416
1192
1997
2088
2084
426
50
156
613
4078
612
103
5503
61
60
169
48
248
356
355
2770
2771
2769
235
798
4351
796
677
676
824
435
434
301
864
743
730
488
246
615
296
732
125
233
1964
2370
6621
2374
6762
675
4049
4048
299
1182
1114
320
1328
1135
1142
1329
1327
1325
294
492
297
493
1164
7386
7814
6424
6466
6468
741
724
244
231
673
672
55
550
682
940
1432
1115
254
333
342
714
711
709
703
1020
534
543
541
218
548
544
551
307
547
129
739
726
735
731
729
734
2470
2442
2438
2449
2568
2447
2445
2443
2454
2441
2373
2439
2450
2437
2892
2461
2448
2890
2459
2446
2888
2457
2094
2886
2455
2466
2453
2895
2840
2464
2451
2893
2891
2460
2887
1059
2467
2896
2465
2894
2463
242
187
750
979
980
616
132
283
240
440
319
6347
5269
6819
3752
6715
6657
6710
6666
6626
6713
6711
6110
3748
2985
4753
4749
4754
4752
4632
7021
7941
7939
7937
7942
7940
3029
7910
7949
7950
5075
4954
4994
6514
6504
6515
6513
3547
6442
7420
7419
8037
5026
8163
8161
8121
8120
8118
8119
2629
2500
1580
1578
1579
748
627
2479
2477
130
238
75
1243
489
771
1540
1545
1543
1541
1539
1546
328
515
352
539
542
1884
540
494
367
928
1616
304
987
712
957
1833
1950
746
744
745
370
368
369
249
128
1604
302
4557
4555
4556
4554
1428
1530
3811
3810
7005
7753
7756
7754
7752
1601
2202
2201
2200
3080
1433
1983
1620
2679
3104
3102
2007
1186
2522
2520
2518
2142
1174
2529
1172
2527
1181
2536
2534
2521
1177
2519
1175
2530
1173
2528
1171
2526
2537
1180
1178
2115
1176
2531
2355
2540
2538
247
313
192
456
453
366
245
687
135
337
8282
443
322
309
316
314
501
305
80
331
329
327
303
323
251
330
324
256
454
78
991
990
144
134
141
137
252
2801
681
678
439
736
250
934
450
208
74
261
260
461
448
756
755
753
751
116
754
752
514
511
509
151
598
599
149
1077
8285
446
391
3776
3774
336
215
444
202
81
402
401
397
408
404
413
411
409
631
147
8295
6275
6273
6276
146
3056
3052
3051
3054
2095
2185
2183
2090
2086
2089
2087
1730
2096
1678
455
158
587
2926
2266
224
1793
8283
121
94
873
2177
3034
4644
3091
3085
335
2499
26
419
35
588
1413
1292
1279
1675
1676
1630
1332
985
1291
376
803
986
1063
1050
1237
1193
1334
1345
1343
1341
1337
1344
1323
2401
1259
1268
1269
3429
626
1088
705
8289
395
6904
6903
1330
1203
1430
1426
1431
1427
1331
143
286
152
665
931
2044
2042
698
2014
4901
4900
2012
2021
2008
2019
2017
2015
2026
2013
1340
2024
2011
1967
1336
2020
2031
2018
2029
2040
2027
2038
2025
2036
2023
1968
2034
2045
2032
2030
2035
197
578
497
576
561
570
205
579
1086
1664
2280
577
575
8287
528
531
529
527
107
353
589
365
581
284
271
126
258
6262
6264
6265
6263
5194
808
445
674
872
267
870
949
318
639
947
4385
1013
1066
635
956
943
1271
1090
633
5469
3248
3246
3247
270
257
253
710
3671
697
1027
334
1304
1302
1303
1301
321
400
266
1084
708
937
2063
882
264
1082
948
1588
759
1080
1094
1101
1093
1104
1109
1096
1107
1105
1112
1110
1108
99
1078
944
339
1296
1317
1314
357
458
911
399
1083
707
1028
89
3974
2991
1270
1612
8235
7042
7041
1081
1079
795
914
241
1033
1029
1324
1038
1040
312
57
794
992
176
981
255
1992
2675
5073
2834
1034
308
2474
3311
3473
3467
1566
2125
2193
2389
2390
2388
350
2469
2805
2803
1402
1397
1400
1398
1401
1399
848
2828
860
1661
1659
1607
4580
7924
1660
2345
2344
3150
3149
999
1333
861
1811
1807
1810
1764
3266
1806
1804
1809
1622
1988
2378
1989
317
933
29
837
1772
2170
3922
2141
2173
2798
105
490
473
6913
7278
7276
684
683
929
927
3720
4080
5922
6503
7335
7327
7295
7333
7329
6971
7330
6198
6498
6497
4103
918
951
950
2273
2269
2267
2270
2268
108
164
430
124
110
95
112
117
118
114
123
119
115
102
590
1375
348
133
2612
4215
4273
4358
1022
2501
344
179
1418
686
1419
214
1125
1068
1145
1741
679
195
2676
206
2863
1614
191
2861
2230
941
1212
1208
1213
1206
1209
1205
1216
2296
200
79
1126
2870
387
145
1500
198
2868
640
2371
3174
209
2866
1751
583
207
2864
2862
1129
1705
2916
2860
2508
3931
3539
3929
3927
3932
1085
722
2917
4950
4951
3068
2818
2817
2825
2824
2823
2821
2591
467
346
1380
2869
2559
210
2867
155
7672
7571
7514
7572
960
1527
2557
663
1146
2865
32
517
516
468
177
727
364
1585
912
2872
978
4121
4313
3451
1298
1440
2129
2133
1836
2393
1471
1632
3238
7664
7665
7663
1666
1665
7855
7854
5012
1581
290
3025
2541
2473
2737
1862
1805
1832
2476
1814
8186
1759
2549
2560
2780
2980
7648
3066
2130
2704
1024
2346
4975
4983
5031
2953
3006
1583
2707
3019
3017
3022
1051
1280
2901
2417
2472
189
1465
2778
871
1287
3023
2993
2992
2996
2990
1510
185
172
1982
7421
8213
6990
7056
7727
2983
6993
6991
7675
6949
7378
7540
7538
7536
7537
7535
8047
7266
4981
7864
7418
7863
7062
6712
7670
7449
3919
6630
5529
5896
6818
7806
7744
8173
3380
7810
7696
7755
6948
6772
6596
5037
6487
6753
6133
6752
6471
4989
7901
7391
8187
8088
8089
8152
7884
7774
3142
7906
7772
7409
7902
4948
7658
7733
7357
6994
7217
7839
196
315
194
423
181
689
2647
190
201
2174
2899
188
586
403
223
34
288
289
287
300
295
92
162
111
54
373
37
394
393
40
45
43
52
41
604
1377
1511
602
349
39
168
595
793
549
774
764
775
773
652
776
614
878
876
877
326
628
140
277
418
593
822
819
821
1007
536
345
706
1486
1435
1636
1819
836
2385
596
407
783
3130
3128
781
900
4846
5576
1892
1395
2587
2583
2581
2586
2584
2582
2211
1969
1230
1921
5484
6905
5548
5480
5555
6910
6908
5551
6915
6911
5554
6909
786
410
2594
3341
3339
3344
3342
1534
1894
1895
1963
1959
1960
1958
1466
1908
1907
1905
1912
1906
1913
1911
1909
1169
1046
1552
1284
1978
1976
1975
1350
2168
2167
1000
7436
6027
1782
5973
1658
1916
1914
1917
1858
1293
1049
2672
2725
2723
2306
2722
1973
3020
3363
3288
1623
1368
1927
1606
1991
2077
1615
5559
887
1650
832
1945
1138
5568
5567
1943
1822
883
1629
7306
1816
5146
1981
2137
2136
780
954
699
886
2617
347
1944
1955
1148
1953
785
1885
165
594
779
414
51
292
182
971
1467
1443
982
1262
1919
3118
3072
3081
2274
3077
7219
2768
7218
3101
1995
3060
3047
2777
2776
694
693
263
1484
1481
1416
3156
204
3530
3513
1128
1357
1131
1130
926
647
1320
1569
1572
1570
1864
157
1754
3075
2625
2609
3280
2616
212
2614
2610
3281
2606
2615
2624
3119
2875
3124
3250
3129
3272
2153
3277
3273
142
650
1734
3111
2484
1382
1376
1379
2053
2425
2424
2234
2228
2332
3082
3256
2880
2881
2879
2884
2882
2951
3267
2830
2333
2330
2331
1561
1592
899
2772
2773
1092
580
1156
1155
1158
1464
1458
1456
1454
1461
1459
1455
1460
1396
644
1312
1313
1311
1309
6400
6393
6391
6396
6392
6399
6397
6395
2329
972
969
3253
3251
1718
1715
966
965
961
964
962
2697
3146
427
4175
6014
6019
6018
977
973
976
1043
7073
7072
1525
1626
1627
1625
611
592
591
610
62
180
59
46
178
2073
2070
340
1893
1889
2210
4006
4016
4000
719
1966
8149
1778
906
838
845
847
983
429
3755
2376
5396
1529
4116
5172
2702
3461
5895
5676
5608
2883
4856
5617
1469
5250
1370
1931
2734
5620
1483
2730
4756
1384
2717
2715
2718
2509
2716
2618
1369
3916
1204
4653
5659
2733
2357
2731
2729
1748
1381
183
7699
7698
606
564
67
441
560
559
1761
1760
557
555
558
100
554
866
1482
2000
1952
136
994
1139
1393
3885
2856
3198
3030
3331
3332
3335
268
829
835
438
8288
1576
704
2912
2662
3203
3204
2231
2814
2813
984
4646
4578
4575
817
815
412
73
139
4098
5595
5594
8192
8194
8195
