8074
8076
8075
8014
8015
7981
7982
7972
7973
7494
7495
7465
7467
7466
3244
695
3728
3607
5005
2547
2949
4762
90
3110
5204
4036
5083
5084
4962
1808
3902
4828
5116
6106
6091
5434
6721
6070
5085
5955
5665
6092
3660
4375
4586
3647
2237
4852
4863
3211
3869
4861
4857
3216
3214
3159
3212
3223
3221
3208
3219
3217
3215
3213
4836
3224
4834
3222
3220
2978
3218
4841
3108
4839
1509
4850
4837
4848
4835
4659
2994
4844
4855
4842
3685
4851
4838
4849
2458
4860
4847
4858
4845
4854
532
827
3847
3845
3844
2787
5036
5035
2786
4531
4760
5457
6149
5792
4289
3350
4276
5323
4748
6038
5008
5255
6656
5029
5324
4533
5296
4142
4021
3197
4019
3658
3537
2986
2995
5024
5060
5063
3651
5059
5062
3652
3595
2369
5231
5224
5229
5227
5225
5230
5228
383
2356
2114
3678
3837
3836
3834
2932
4235
4093
4251
4249
825
3199
4783
4042
5351
4678
4986
5674
3816
8246
5426
2217
6592
6590
3326
3469
5737
5735
5722
5623
5622
5740
3470
3655
4097
3908
4095
4100
7250
4096
4173
4039
5592
3724
4498
4771
1133
4045
4521
5092
5090
5088
5086
5091
5087
3106
5249
2972
2970
7734
7732
5694
5663
6235
2971
4824
5291
5290
4219
2688
5132
3614
5961
5513
3843
4526
4034
2433
4523
6521
6519
447
3321
4655
7493
4660
3490
2309
7992
1011
3480
3783
3564
3781
3779
3784
3771
3780
1147
3117
3113
3878
3637
3112
3346
4043
4038
4151
3667
2257
3465
3291
6460
4248
6169
4960
4786
4338
5747
5748
5746
5749
5045
3854
4965
2565
3851
6737
8261
8260
5247
7676
8050
3354
2989
8237
8236
8224
8169
6933
7791
7186
7065
7857
4298
7668
6942
7116
7921
7919
6889
7920
5772
7569
3850
8051
8216
8215
8021
8020
7567
7996
7995
7928
8249
8229
8248
7994
5887
7389
8262
7442
7441
6461
7011
7319
7320
7064
4605
4603
4295
7634
5406
7819
7201
7588
5910
4940
7750
8190
8241
8272
8270
8273
7678
8068
6295
4562
8132
8131
4331
7593
7701
8130
8209
4558
7228
8073
4327
4325
6848
7666
4631
3353
6923
5245
5241
5244
5242
7110
7673
7605
4583
4328
4031
4326
7238
8264
8265
8266
4417
4414
203
2297
3385
2898
3377
3382
4162
4164
4027
766
1971
2981
7149
1571
3665
4712
5428
5456
2134
4229
3819
4136
4007
3948
4386
4349
4307
4340
4345
4348
4346
3168
4536
7037
5136
4765
1140
5341
5337
5336
5449
5447
5334
2066
4068
3147
4194
4192
4195
3597
2064
2871
4427
4436
4434
4445
4430
4439
4446
4444
4466
3663
2240
7517
8133
2487
4225
4223
4220
4635
6567
4183
1769
4898
4973
4971
4969
4974
4972
8293
3424
2320
3233
4025
2318
3418
2316
3416
3495
3427
3493
3425
3491
3423
2321
3500
2319
2317
3494
3426
3492
3499
3323
3497
4028
4026
2440
4534
1151
1961
4593
5650
5648
6088
6226
7879
7878
7341
1996
1994
3366
4400
5380
5385
5381
4037
7180
8106
4455
4539
4884
7610
7613
7611
2172
6360
8104
4882
6747
3593
8102
6316
8100
5993
6072
4904
4891
8111
8098
4205
7117
5010
7425
8109
4592
6202
7128
6068
4282
7181
8107
5892
3985
6200
4911
7126
5140
6508
6506
6509
6507
6616
8105
7124
7929
7808
4291
8103
7135
8061
7564
8114
7993
8101
4342
4918
7133
4905
4663
6636
8112
4353
4916
4903
8110
4364
6445
4914
7129
2807
2444
3115
8108
4725
7140
8066
4912
7127
6885
4428
4415
7677
7877
7743
4347
4923
7138
3984
4910
7125
4921
7136
4908
5913
8115
5053
4919
7134
4906
5590
7253
4917
7132
3749
7682
6151
6128
6150
7198
4915
7130
4926
4913
6886
7933
4187
6160
8012
4616
4924
7139
4669
6024
5553
7405
7271
4922
7137
1647
5485
5927
7900
7511
6906
4920
7885
5615
5923
6902
7452
5921
6834
7518
4001
7597
7100
5919
6119
8092
4925
5125
7903
6614
2976
4681
5378
8231
8232
8048
7284
7282
7043
8233
6975
3471
2611
3269
4624
5550
8099
2796
6863
3709
4943
5614
7424
3210
4833
6859
762
3169
2613
2974
3791
4329
3040
2110
3782
4343
2379
2762
4491
4496
4494
4197
4371
2948
4490
4127
4433
3639
4497
2711
4495
4493
3325
1688
4379
4509
3271
2524
4535
4545
4429
3448
291
2506
6759
4057
5311
3661
4359
4357
2264
2857
2858
4587
5300
5299
3190
36
7289
812
5144
5142
5138
5392
2009
4224
1767
2678
3982
2693
3657
3969
1633
3379
3278
3391
3389
3046
3225
465
3127
3701
3798
3942
3941
3815
3172
3909
4666
4667
4670
4668
7079
5572
8043
5573
5571
3498
6177
6175
4424
4423
4290
3001
3806
4492
4508
5639
5646
2746
3997
3947
3998
4719
4716
4714
2621
4598
47
1300
3309
4649
3417
5294
4222
2691
2328
4125
3373
4132
4130
3928
4139
4137
4135
4122
4146
4133
4131
4129
4140
4149
3839
4147
4145
4143
4154
4020
4153
3980
3375
4422
4464
3483
3883
87
5335
6281
6282
784
1058
4046
3562
4061
4064
4075
4069
4067
4079
3561
3670
4488
4717
6561
6248
2381
5111
4582
5119
2368
4233
3173
3596
3599
2689
5253
5252
5251
3615
4228
2326
3252
5467
4299
4296
4528
3010
3715
22
20
4
8219
8221
25
358
545
1245
2708
2705
7646
7644
7645
1294
1246
6560
7783
7781
7779
7782
7780
6881
7687
1420
1290
1295
422
363
379
377
375
374
696
998
930
1161
1124
893
892
814
959
1470
2272
2233
1318
1756
1985
2214
2212
2213
1367
1137
2112
2781
2779
5141
5216
1095
2255
23
942
1061
1123
1120
989
601
1593
1591
1590
1039
8212
4674
8211
8046
15
5666
6183
4008
6181
5805
4745
5750
4314
6179
4015
6188
388
4576
6186
6184
3041
6182
3160
6193
6191
6178
4647
5089
5263
2564
4658
4645
5154
5152
5153
5151
4524
6187
6185
3794
6196
6075
6020
6207
5534
6205
3977
6192
2567
6203
6201
6199
6157
5768
6197
3751
6206
4970
5610
4561
3259
3004
5916
3930
3688
4438
4933
477
476
481
480
3255
4073
1106
4190
4110
4105
4108
4106
4109
4107
11
2362
2361
2426
8286
486
8
778
3648
657
622
499
607
506
507
810
513
498
806
807
938
7241
386
76
760
758
624
625
875
874
389
524
523
519
522
520
782
738
8198
8196
8197
6
932
818
1669
1668
609
433
4942
1788
378
1654
869
1533
431
1478
1531
1528
811
1168
1610
1489
1642
1599
1643
1597
1476
1234
1502
1447
1555
64
1861
922
1223
1228
1226
1224
1231
3807
3063
3805
1229
1227
1238
1225
1232
1214
1619
1538
1535
1536
3155
691
1605
2409
1241
1264
1242
863
890
888
891
889
392
1439
1434
700
566
995
1679
3098
2236
3292
3279
2903
3209
3294
3123
2690
390
619
1490
1798
1797
1556
1501
1686
3171
2843
826
3235
3230
3231
3229
3234
3232
1423
3099
3093
3097
1687
1763
2116
3257
2182
2494
2492
2495
2493
2491
2496
2490
5864
2489
5868
5866
2055
2054
2979
2922
2504
3971
2498
8296
2545
2543
3307
3302
3298
3303
3299
3371
3369
3370
3368
1880
2575
2573
2574
2572
3446
1781
3154
3153
2571
2580
3506
2101
2100
2638
2838
3320
1613
2221
2222
8148
8147
1424
2966
2965
2724
3151
3152
1970
1849
1844
1853
1845
1852
1846
2720
1618
1617
1451
2797
3105
1752
1389
1387
1183
1383
1388
7161
1563
1559
1560
1558
1442
1681
1682
274
1321
153
160
159
219
217
1253
1506
1505
1503
1504
8134
8137
8135
8138
8136
820
765
2719
2827
2596
2608
2740
2802
2061
2792
2550
3167
3165
3166
2555
1823
2826
2758
2578
1463
1557
1394
1392
1391
1689
1326
1438
963
1436
1429
1768
1513
1512
761
1838
2156
2161
1233
2164
1986
2105
8290
2282
1524
1523
1390
2844
2721
2301
2599
2302
2300
167
904
1526
1791
1790
1747
1316
1631
2751
1441
1515
1516
1517
1641
1684
1685
1683
1507
6576
6574
6575
1144
955
1652
1651
1518
913
1041
1589
1671
1670
1692
1690
1221
1758
1755
1753
93
82
1716
1728
1648
5180
2387
5187
5190
5606
4899
5691
4909
1645
359
1514
1821
1472
907
1474
1657
421
1587
1584
298
1306
1386
5793
1787
1774
1773
1532
1035
2286
1187
2103
2169
2365
2648
2363
538
175
174
621
617
362
6965
65
1220
1219
1783
1639
2068
2159
2235
1789
1868
1662
1152
1150
802
799
800
668
63
171
1252
1154
2728
2113
2420
2419
1594
4689
6572
6573
1218
3
269
584
1600
138
567
568
573
571
569
574
572
28
211
77
895
1190
1170
1189
222
451
101
1014
396
154
4875
4868
6113
6116
6114
7492
6069
4672
4873
4871
4869
4801
4867
6112
6031
4872
1628
7050
8245
8244
5886
2151
2150
2148
2146
2147
2143
1201
1609
33
2119
85
88
84
91
462
341
2163
2175
2242
2243
1266
2670
1771
2205
449
86
1987
8291
2261
2262
2260
2755
2128
2224
2799
3558
4099
6890
6477
5688
5686
6478
5687
5685
6216
98
3050
3048
5936
6022
479
2923
3775
3841
3604
3840
332
2407
2418
2232
908
7553
8189
8238
7387
8193
8222
7967
7226
7545
8214
7968
7550
7502
787
3310
530
2809
915
2754
2753
898
2763
2761
2759
788
920
852
597
2570
905
916
3681
2016
3396
3536
6094
6129
5960
5421
923
910
2157
2155
921
3136
3135
3133
3131
3134
2397
2391
2396
2394
2392
2395
919
3576
3894
193
917
620
924
1672
1859
1860
1856
502
1857
1941
1855
1932
1890
1930
1831
1939
831
1711
1830
1840
1928
1926
1933
1929
1940
1938
1923
1934
636
273
31
715
721
720
718
716
460
405
163
6875
8166
8167
8060
6691
6689
6687
6690
6688
8284
472
216
658
662
661
645
282
618
563
495
1496
4411
632
562
641
648
565
1019
1017
1016
642
343
638
649
293
161
227
106
656
651
654
655
653
280
1250
2482
2343
2462
8083
8080
8081
1012
2247
2246
2259
2004
2002
1200
3126
2071
2250
2227
2579
2577
4808
4805
4803
4806
4804
4807
605
372
425
6813
1723
2847
2850
2848
2846
2853
2849
38
225
104
1030
667
4463
2047
4460
4458
4461
4462
4600
5490
5488
5486
5491
5313
5400
3181
5489
5474
5483
666
49
504
236
234
463
113
1160
221
1026
7577
5173
1025
552
5099
7580
7578
8165
7565
1215
7576
6274
6595
850
7090
7165
5487
7581
6976
7296
7579
7229
7227
7280
6520
7767
7225
7595
7600
7599
7054
7531
4879
3348
3356
3359
3362
3360
3358
3227
7415
7294
3601
6916
5143
1021
6241
6941
7379
2452
958
406
4487
7094
4686
56
841
1820
1644
2757
1462
1792
2340
1962
1553
2299
1875
1499
1202
582
1143
2569
2435
2434
1696
243
381
384
382
1067
1065
276
967
7866
230
1703
1710
1708
1704
96
659
801
859
2428
2429
2427
2197
725
1638
120
228
670
669
428
415
2005
2001
5733
1891
1522
1037
857
1064
855
851
970
723
239
226
6437
6436
416
1192
1997
2088
2084
426
50
156
613
4078
612
103
5503
61
60
169
48
248
356
355
2770
2771
2769
235
798
4351
796
677
676
824
435
434
301
864
743
730
488
246
615
296
732
125
233
1964
2370
6621
2374
6762
675
4049
4048
299
1182
1114
320
1328
1135
1142
1329
1327
1325
294
492
297
493
1164
7386
7814
6424
6466
6468
741
724
244
231
673
672
55
550
682
940
1432
1115
254
333
342
714
711
709
703
1020
534
543
541
218
548
544
551
307
547
129
739
726
735
731
729
734
2470
2442
2438
2449
2568
2447
2445
2443
2454
2441
2373
2439
2450
2437
2892
2461
2448
2890
2459
2446
2888
2457
2094
2886
2455
2466
2453
2895
2840
2464
2451
2893
2891
2460
2887
1059
2467
2896
2465
2894
2463
242
187
750
979
980
616
132
283
240
440
319
6347
5269
6819
3752
6715
6657
6710
6666
6626
6713
6711
6110
3748
2985
4753
4749
4754
4752
4632
7021
7941
7939
7937
7942
7940
3029
7910
7949
7950
5075
4954
4994
6514
6504
6515
6513
3547
6442
7420
7419
8037
5026
8163
8161
8121
8120
8118
8119
2629
2500
1580
1578
1579
748
627
2479
2477
130
238
75
1243
489
771
1540
1545
1543
1541
1539
1546
328
515
352
539
542
1884
540
494
367
928
1616
304
987
712
957
1833
1950
746
744
745
370
368
369
249
128
1604
302
4557
4555
4556
4554
1428
1530
3811
3810
7005
7753
7756
7754
7752
1601
2202
2201
2200
3080
1433
1983
1620
2679
3104
3102
2007
1186
2522
2520
2518
2142
1174
2529
1172
2527
1181
2536
2534
2521
1177
2519
1175
2530
1173
2528
1171
2526
2537
1180
1178
2115
1176
2531
2355
2540
2538
247
313
192
456
453
366
245
687
135
337
8282
443
322
309
316
314
501
305
80
331
329
327
303
323
251
330
324
256
454
78
991
990
144
134
141
137
252
2801
681
678
439
736
250
934
450
208
74
261
260
461
448
756
755
753
751
116
754
752
514
511
509
151
598
599
149
1077
8285
446
391
3776
3774
336
215
444
202
81
402
401
397
408
404
413
411
409
631
147
8295
6275
6273
6276
146
3056
3052
3051
3054
2095
2185
2183
2090
2086
2089
2087
1730
2096
1678
455
158
587
2926
2266
224
1793
8283
121
94
873
2177
3034
4644
3091
3085
335
2499
26
419
35
588
1413
1292
1279
1675
1676
1630
1332
985
1291
376
803
986
1063
1050
1237
1193
1334
1345
1343
1341
1337
1344
1323
2401
1259
1268
1269
3429
626
1088
705
8289
395
6904
6903
1330
1203
1430
1426
1431
1427
1331
143
286
152
665
931
2044
2042
698
2014
4901
4900
2012
2021
2008
2019
2017
2015
2026
2013
1340
2024
2011
1967
1336
2020
2031
2018
2029
2040
2027
2038
2025
2036
2023
1968
2034
2045
2032
2030
2035
197
578
497
576
561
570
205
579
1086
1664
2280
577
575
8287
528
531
529
527
107
353
589
365
581
284
271
126
258
6262
6264
6265
6263
5194
808
445
674
872
267
870
949
318
639
947
4385
1013
1066
635
956
943
1271
1090
633
5469
3248
3246
3247
270
257
253
710
3671
697
1027
334
1304
1302
1303
1301
321
400
266
1084
708
937
2063
882
264
1082
948
1588
759
1080
1094
1101
1093
1104
1109
1096
1107
1105
1112
1110
1108
99
1078
944
339
1296
1317
1314
357
458
911
399
1083
707
1028
89
3974
2991
1270
1612
8235
7042
7041
1081
1079
795
914
241
1033
1029
1324
1038
1040
312
57
794
992
176
981
255
1992
2675
5073
2834
1034
308
2474
3311
3473
3467
1566
2125
2193
2389
2390
2388
350
2469
2805
2803
1402
1397
1400
1398
1401
1399
848
2828
860
1661
1659
1607
4580
7924
1660
2345
2344
3150
3149
999
1333
861
1811
1807
1810
1764
3266
1806
1804
1809
1622
1988
2378
1989
317
933
29
837
1772
2170
3922
2141
2173
2798
105
490
473
6913
7278
7276
684
683
929
927
3720
4080
5922
6503
7335
7327
7295
7333
7329
6971
7330
6198
6498
6497
4103
918
951
950
2273
2269
2267
2270
2268
108
164
430
124
110
95
112
117
118
114
123
119
115
102
590
1375
348
133
2612
4215
4273
4358
1022
2501
344
179
1418
686
1419
214
1125
1068
1145
1741
679
195
2676
206
2863
1614
191
2861
2230
941
1212
1208
1213
1206
1209
1205
1216
2296
200
79
1126
2870
387
145
1500
198
2868
640
2371
3174
209
2866
1751
583
207
2864
2862
1129
1705
2916
2860
2508
3931
3539
3929
3927
3932
1085
722
2917
4950
4951
3068
2818
2817
2825
2824
2823
2821
2591
467
346
1380
2869
2559
210
2867
155
7672
7571
7514
7572
960
1527
2557
663
1146
2865
32
517
516
468
177
727
364
1585
912
2872
978
4121
4313
3451
1298
1440
2129
2133
1836
2393
1471
1632
3238
7664
7665
7663
1666
1665
7855
7854
5012
1581
290
3025
2541
2473
2737
1862
1805
1832
2476
1814
8186
1759
2549
2560
2780
2980
7648
3066
2130
2704
1024
2346
4975
4983
5031
2953
3006
1583
2707
3019
3017
3022
1051
1280
2901
2417
2472
189
1465
2778
871
1287
3023
2993
2992
2996
2990
1510
185
172
1982
7421
8213
6990
7056
7727
2983
6993
6991
7675
6949
7378
7540
7538
7536
7537
7535
8047
7266
4981
7864
7418
7863
7062
6712
7670
7449
3919
6630
5529
5896
6818
7806
7744
8173
3380
7810
7696
7755
6948
6772
6596
5037
6487
6753
6133
6752
6471
4989
7901
7391
8187
8088
8089
8152
7884
7774
3142
7906
7772
7409
7902
4948
7658
7733
7357
6994
7217
7839
196
315
194
423
181
689
2647
190
201
2174
2899
188
586
403
223
34
288
289
287
300
295
92
162
111
54
373
37
394
393
40
45
43
52
41
604
1377
1511
602
349
39
168
595
793
549
774
764
775
773
652
776
614
878
876
877
326
628
140
277
418
593
822
819
821
1007
536
345
706
1486
1435
1636
1819
836
2385
596
407
783
3130
3128
781
900
4846
5576
1892
1395
2587
2583
2581
2586
2584
2582
2211
1969
1230
1921
5484
6905
5548
5480
5555
6910
6908
5551
6915
6911
5554
6909
786
410
2594
3341
3339
3344
3342
1534
1894
1895
1963
1959
1960
1958
1466
1908
1907
1905
1912
1906
1913
1911
1909
1169
1046
1552
1284
1978
1976
1975
1350
2168
2167
1000
7436
6027
1782
5973
1658
1916
1914
1917
1858
1293
1049
2672
2725
2723
2306
2722
1973
3020
3363
3288
1623
1368
1927
1606
1991
2077
1615
5559
887
1650
832
1945
1138
5568
5567
1943
1822
883
1629
7306
1816
5146
1981
2137
2136
780
954
699
886
2617
347
1944
1955
1148
1953
785
1885
165
594
779
414
51
292
182
971
1467
1443
982
1262
1919
3118
3072
3081
2274
3077
7219
2768
7218
3101
1995
3060
3047
2777
2776
694
693
263
1484
1481
1416
3156
204
3530
3513
1128
1357
1131
1130
926
647
1320
1569
1572
1570
1864
157
1754
3075
2625
2609
3280
2616
212
2614
2610
3281
2606
2615
2624
3119
2875
3124
3250
3129
3272
2153
3277
3273
142
650
1734
3111
2484
1382
1376
1379
2053
2425
2424
2234
2228
2332
3082
3256
2880
2881
2879
2884
2882
2951
3267
2830
2333
2330
2331
1561
1592
899
2772
2773
1092
580
1156
1155
1158
1464
1458
1456
1454
1461
1459
1455
1460
1396
644
1312
1313
1311
1309
6400
6393
6391
6396
6392
6399
6397
6395
2329
972
969
3253
3251
1718
1715
966
965
961
964
962
2697
3146
427
4175
6014
6019
6018
977
973
976
1043
7073
7072
1525
1626
1627
1625
611
592
591
610
62
180
59
46
178
2073
2070
340
1893
1889
2210
4006
4016
4000
719
1966
8149
1778
906
838
845
847
983
429
3755
2376
5396
1529
4116
5172
2702
3461
5895
5676
5608
2883
4856
5617
1469
5250
1370
1931
2734
5620
1483
2730
4756
1384
2717
2715
2718
2509
2716
2618
1369
3916
1204
4653
5659
2733
2357
2731
2729
1748
1381
183
7699
7698
606
564
67
441
560
559
1761
1760
557
555
558
100
554
866
1482
2000
1952
136
994
1139
1393
3885
2856
3198
3030
3331
3332
3335
268
829
835
438
8288
1576
704
2912
2662
3203
3204
2231
2814
2813
984
4646
4578
4575
817
815
412
73
139
4098
5595
5594
8192
8194
8195
