17  467
3  303
15  933
7  264
62  627
5  492
5  730
1  351
2  832
8  9
0  5
14  797
17  314
139  819
86  584
7  529
7  956
24  609
2  194
16  367
2  859
129  802
1  616
306  825
17  341
11  270
10  36
96  881
5  357
189  941
1  225
185  800
17  615
86  687
13  474
2  59
64  937
414  916
13  483
2  971
7  421
14  936
41  801
163  934
15  16
14  289
13  83
7  12
13  748
60  396
5  469
2  571
48  678
2  809
45  124
179  869
5  716
412  991
2  162
36  75
0  238
2  845
88  369
5  325
560  1002
411  784
6  299
96  867
160  882
353  770
42  756
115  978
115  987
271  737
20  72
0  103
11  530
58  373
2  54
300  889
13  478
7  407
13  51
0  368
0  377
60  391
5  455
13  78
41  387
10  143
7  672
1  979
1  85
5  464
6  429
13  87
52  814
44  401
82  693
84  623
13  343
7  510
11  233
13  352
13  590
285  774
41  908
20  885
82  540
45  640
0  498
13  190
9  565
2  13
634  635
21  966
13  446
65  874
58  597
211  928
411  864
417  795
1  224
160  724
173  416
42  607
332  836
2  305
5  868
6  168
300  475
376  632
408  993
44  805
5  697
27  883
5  41
88  750
191  824
4  360
20  188
13  576
2  826
142  559
5  306
2  408
13  167
4  625
42  490
5  980
142  577
495  606
326  923
121  792
158  930
23  229
82  782
28  811
20  480
255  472
93  940
62  77
325  945
5  171
2  273
6  563
13  32
2  520
3  256
21  152
5  198
2  300
51  970
52  786
62  818
80  866
60  381
5  445
84  110
605  846
6  181
290  843
149  575
1  84
2  138
2  803
16  311
9  699
65  752
2  812
69  713
7  500
0  223
16  338
15  760
62  454
107  834
2  412
6  275
258  1003
7  765
5  557
6  949
20  695
2  3
57  604
1  187
10  25
7  365
5  157
0  88
44  503
61  345
130  692
13  27
215  650
5  840
377  959
5  184
2  286
6  149
15  216
40  816
52  781
7  212
121  890
1  52
5  669
17  671
5  440
1  726
60  385
16  68
1  317
42  453
0  218
38  321
7  504
40  919
256  534
17  307
16  153
18  104
13  413
0  65
10  11
62  714
350  861
0  74
6  544
40  119
11  92
137  982
13  497
43  44
2  281
5  417
13  40
13  278
405  891
14  493
84  585
6  418
93  813
5  35
2  137
129  992
160  821
14  776
1  568
7  499
5  291
0  222
65  998
6  921
121  759
158  241
414  603
4  430
96  842
13  179
376  985
2  896
13  655
146  779
17  378
0  734
206  793
2  249
0  316
10  509
13  26
17  643
6  139
23  964
0  581
2  96
49  217
1  280
131  646
211  755
2  114
2  132
8  441
13  785
16  543
64  354
14  1000
84  598
168  829
31  186
4  169
88  806
148  344
117  613
2  635
13  156
58  963
92  538
3  371
4  425
13  165
107  837
7  332
170  875
83  727
5  789
5  133
0  64
15  592
0  73
5  807
168  276
85  507
20  536
14  465
2  738
3  236
13  30
57  683
107  702
15  448
1  284
52  595
5  7
577  578
47  925
5  681
7  700
13  771
140  735
7  44
1  549
2  612
452  830
113  983
5  528
0  459
69  958
56  610
405  773
86  620
2  886
20  28
65  835
0  297
160  676
5  375
412  888
60  320
17  386
57  849
65  435
181  628
232  939
414  449
10  508
14  231
43  505
13  263
117  491
129  694
2  86
4  532
6  376
23  545
133  844
2  333
51  109
5  11
5  496
157  383
97  768
48  485
0  18
230  898
65  574
77  539
5  105
19  49
4  424
6  79
0  283
94  955
42  298
6  515
7  569
166  742
64  456
5  141
231  871
5  379
2  481
23  37
712  995
2  63
380  680
11  804
18  852
3  473
0  148
3  46
5  644
17  219
17  228
15  447
13  514
5  235
0  166
5  900
7  452
66  111
64  330
52  185
4  145
1  121
13  361
321  904
543  688
15  541
55  1004
62  662
2  193
11  22
156  907
5  527
5  100
45  838
2  211
7  555
62  262
74  227
12  14
82  567
7  573
62  747
5  374
14  203
95  942
44  729
2  58
44  967
13  244
82  594
65  910
18  182
14  706
21  364
16  258
71  432
2  323
26  442
57  924
84  780
5  230
180  348
493  817
6  204
5  486
157  382
13  118
13  356
0  17
185  709
38  547
48  66
340  848
377  659
52  719
401  873
0  120
62  769
2  62
7  406
11  129
68  663
5  207
1  255
15  428
133  402
748  944
38  915
611  938
14  292
10  340
28  892
5  234
115  860
184  969
2  1001
5  243
199  850
13  342
13  113
5  728
2  174
47  981
0  250
156  906
134  766
2  192
121  796
5  99
5  337
0  268
971  975
3  175
5  346
60  947
23  251
1  641
6  994
64  926
5  611
1  232
2  57
269  657
0  380
10  326
38  245
7  666
5  458
23  116
7  913
7  19
7  922
564  876
1  106
2  160
2  587
10  173
13  108
21  686
47  976
156  645
5  76
114  895
2  434
10  20
61  758
86  415
295  943
65  639
74  468
21  551
0  101
6  562
325  962
27  136
13  476
51  740
2  308
12  996
2  546
65  257
7  661
5  462
2  564
184  968
24  988
13  94
5  53
15  274
5  718
24  997
92  723
13  579
2  164
14  556
13  350
13  588
87  626
122  656
2  411
11  240
16  355
5  318
160  857
137  901
5  327
14  394
14  403
13  197
322  794
2  685
13  444
62  736
87  909
145  999
2  285
15  404
2  56
5  201
60  384
14  277
516  762
7  247
5  466
115  436
13  336
7  265
0  226
717  788
62  457
17  315
20  887
7  112
9  558
2  6
6  296
19  513
7  359
1  199
11  91
11  518
29  554
57  863
103  741
2  698
2  271
17  180
327  894
13  39
12  739
17  427
72  524
3  272
60  150
13  304
60  388
5  690
11  621
5  34
1  82
6  426
13  322
16  80
66  328
0  221
157  851
7  754
199  677
7  525
0  248
23  878
62  708
191  682
23  460
44  501
62  70
5  820
13  443
30  764
4  712
1  450
493  522
13  461
5  420
5  191
10  535
62  582
5  438
62  591
16  295
60  392
5  29
2  131
14  523
17  696
7  246
2  140
5  47
198  689
209  637
28  952
10  400
2  158
7  502
10  638
191  839
9  957
2  405
44  649
15  335
108  652
5  312
158  927
15  353
2  899
84  471
1  189
7  358
2  252
5  815
20  715
11  90
61  347
21  787
5  833
2  517
13  38
14  482
60  122
377  961
6  389
14  918
10  777
11  602
183  705
5  24
2  126
107  319
1  310
1  548
13  550
303  630
5  42
69  710
141  488
27  48
159  631
27  722
75  470
2  409
230  920
506  827
102  743
6  290
2  665
140  617
5  572
10  260
370  414
5  154
2  494
13  15
5  163
23  953
5  828
65  870
521  583
3  239
7  856
13  33
5  419
87  974
466  912
5  437
177  629
4  329
936  965
62  410
21  647
25  370
5  931
6  667
49  71
106  614
0  215
5  302
211  636
15  334
2  880
414  605
2  651
13  172
65  600
74  905
155  512
2  4
0  309
62  531
20  287
106  717
2  489
209  977
19  331
544  790
2  516
2  89
17  654
377  960
5  423
238  622
58  664
7  213
2  107
6  397
7  451
65  294
3  81
381  948
5  261
7  707
100  935
393  761
41  202
16  783
5  279
509  972
1  147
14  593
27  721
5  117
97  618
5  135
23  31
91  989
96  439
0  313
495  673
17  393
0  560
7  608
13  679
1  21
13  23
466  893
107  704
64  733
4  301
63  854
2  102
13  526
0  178
28  914
7  720
1  142
51  399
242  879
8  950
4  431
20  259
6  751
40  753
6  95
62  521
7  823
38  847
367  757
1  254
261  986
2  506
82  853
0  146
83  589
10  339
85  778
4  552
5  242
17  253
15  45
1  537
10  366
9  487
160  799
5  269
53  822
32  372
1  128
13  130
777  862
81  911
4  170
560  775
5  763
2  865
177  479
13  624
1  155
3  601
263  897
7  324
3  183
86  855
60  61
5  125
157  668
65  176
306  858
5  134
66  477
641  946
3  210
20  519
5  619
10  69
4  282
87  954
49  433
28  877
7  674
11  159
5  237
5  902
13  98
0  177
2  586
87  810
23  151
27  917
0  6
65  791
5  511
157  398
2  195
40  725
13  390
231  841
5  349
191  903
8  293
7  566
16  395
462  463
462  701
14  196
16  642
44  951
62  749
14  205
258  831
13  484
17  872
7  422
218  596
31  123
4  533
66  984
84  553
2  990
14  61
13  93
15  929
6  206
84  144
13  767
129  542
0  1
2  599
48  50
41  200
1  127
16  363
5  97
0  266
971  973
2  208
5  115
19  288
13  214
7  570
5  362
12  267
412  884
7  161
2  55
66  67
3  932
5  209
74  745
1  495
17  220
462  561
7  8
