3160  3298
1687  1688
99  2077
3932  6029
4823  8223
3  568
2257  528
5157  6756
6026  7205
816  3300
2466  4314
2533  1106
3221  5644
6939  7660
5129  8414
5280  6826
2208  4958
2755  5356
141  4824
2903  5456
3603  5867
4604  6435
457  8443
565  3546
1246  4173
2488  3147
4492  6379
2049  2053
68  8338
2348  2349
3170  4938
854  6803
244  3087
4805  6546
4089  6110
565  5882
157  5828
2777  5357
3319  7626
2684  2685
638  3657
7226  7851
122  128
4798  6543
3419  5763
4902  6600
1729  4155
2527  3906
279  7632
88  1914
291  4488
2722  5313
1879  1884
3121  3332
2532  5152
1501  4412
1595  1307
112  3210
776  975
446  1514
7369  7913
1608  2939
7279  4987
378  7237
14  2759
7539  7506
4151  6156
149  180
4230  6220
5025  6683
2893  5437
386  8000
3636  7696
2017  4800
694  3686
1628  2544
556  46
3639  4732
1731  1733
2782  8309
8145  8255
5988  7181
8589  8646
492  3444
1371  4315
250  3093
816  764
3300  7373
20  7246
4674  6466
572  3558
915  3897
3188  5856
4896  8272
1804  3766
8448  8535
420  427
99  6199
3036  1234
816  4039
2817  5805
2823  5556
464  1638
7021  7714
456  2420
6268  7827
301  304
622  884
17  1713
461  3410
172  3307
3987  1469
3775  6016
895  898
31  2779
6657  7531
5908  7147
1242  4160
3260  3355
3272  4641
8380  8498
3550  4622
67  5627
755  3749
8139  8328
152  2961
224  3066
2216  5241
616  3590
2940  6504
163  7028
748  3746
1056  1647
6499  7443
878  2543
879  1196
1046  141
1274  4206
5100  6721
5597  7527
3038  1040
6494  7486
176  672
2762  7521
1418  4335
184  3007
3126  335
115  2907
383  4119
2280  5010
1190  4104
4214  6197
556  4986
556  785
3216  5634
231  234
2080  4841
3057  7038
2773  3078
555  560
7031  7731
7798  8132
7  462
7782  8124
5185  6778
2735  1510
352  3614
6494  7499
5138  6666
1862  7772
556  5107
4038  6092
2641  5258
170  5300
2630  2625
1904  4736
452  1751
173  350
637  5180
251  7625
158  2967
2176  6363
1498  4462
285  1988
2838  4496
3025  1878
3231  4427
997  3887
245  6009
2796  1237
7075  7750
1878  6790
1541  1543
811  1401
1248  4179
4059  5225
2908  3629
965  7503
74  879
900  692
325  6648
337  1518
357  2924
296  5129
840  3832
274  3155
3349  5708
2972  5492
7323  7155
354  825
3223  4027
826  8448
6289  7349
0  4
394  3341
260  3112
17  3391
2983  5506
2470  2477
76  6149
1392  1396
2527  6431
5784  7069
1231  4188
118  2884
830  875
80  148
8670  8703
169  900
5  2189
3114  714
879  767
2615  5231
8084  8313
1979  6976
1979  6747
886  891
3076  5562
51  5459
3884  6001
2759  3411
8137  8324
3126  4336
2880  2883
1739  1746
1775  4823
1842  6570
2938  794
2791  7914
5406  6870
698  705
1799  4658
1713  4618
4949  6631
18  2895
1857  1859
1529  6231
199  203
25  7257
446  80
2149  2152
778  8137
446  1248
1339  4269
114  509
778  7908
5521  6914
7  154
2733  338
7  1322
2875  7103
889  1710
2661  7817
2862  7578
3330  5697
2829  5186
1117  4048
3044  910
8565  8612
8379  7927
2985  5699
2135  7478
467  3414
5157  6758
9  321
5924  7159
2746  169
2257  1927
185  1449
2208  4960
3531  5808
2552  2555
21  2546
1161  7659
297  1138
866  3540
3025  1920
4604  6437
170  804
768  3877
565  3548
174  694
2734  2158
1290  4218
2049  2055
4698  6486
2348  2351
6711  7552
2748  1504
205  2195
437  4945
8250  8698
332  5417
294  466
8497  8575
156  2976
3091  3563
564  5925
2684  2687
638  3659
3501  2680
2878  3455
99  5596
1380  4232
783  4013
120  5884
20  3731
151  2982
1916  2936
221  230
1775  6609
1371  2318
2749  4859
7788  8128
2841  5091
1943  3712
19  1937
1598  4468
2826  5493
3132  6997
3464  5255
291  5779
14  2761
2226  775
27  485
417  3380
3729  5940
140  133
1051  6406
7716  8080
8589  8648
26  4168
1775  4636
2828  5394
565  6139
4950  6632
1225  1230
3055  5558
6893  7639
8436  8527
1807  4066
88  3218
131  1602
4442  6347
770  771
7989  8252
4670  6470
8448  8537
6784  7588
420  429
2209  4985
4876  6575
461  3170
3215  7129
3377  5730
1504  4415
463  2462
2870  7619
7379  7919
2713  2717
1437  4361
327  322
2773  7134
1942  4762
2818  1952
6567  7482
3003  5381
48  4290
280  3401
8559  8610
3207  7776
1230  4152
2644  2186
1233  4157
1441  4372
1886  4722
361  2427
638  1015
3788  5957
5512  6920
51  1447
35  1210
2848  151
711  3708
1187  1193
40  4937
112  6274
6915  7653
4284  6245
2684  2379
163  3058
323  6228
1274  1054
333  3240
4132  6147
2127  4905
4293  6250
879  1198
1763  4628
80  3962
1320  6539
816  6511
1293  4221
1648  1645
297  3179
822  3818
1128  1121
6494  7488
8231  8390
184  3009
2720  5311
2912  5481
1181  4101
7898  8180
3050  2449
3930  8655
637  6108
3216  5636
3367  5768
2909  4136
521  1732
2690  5297
8574  8621
816  4538
4400  6325
191  3025
5190  7124
8402  8514
2817  7472
86  1925
165  2972
1233  6519
1890  2588
2843  3674
559  3542
5590  6950
6959  7685
5694  7007
129  2911
4730  1073
3288  7178
3859  5984
8286  8423
3878  5997
924  930
6216  6594
4289  1367
2129  7421
245  6011
99  295
529  1340
2922  4613
4128  3893
8513  8587
3071  1932
20  645
2527  822
2303  3292
3046  5551
9  2738
556  5351
5270  6837
170  5544
337  1520
8506  8584
1527  6979
1322  1326
556  2089
136  2927
3245  5653
6896  7642
3434  4091
266  8406
495  6014
3349  5710
7000  7699
2972  5494
3247  7648
3292  4681
1514  4421
254  1872
5214  6797
2757  4522
0  6
7928  7910
1763  4078
2950  7317
2249  2251
143  2943
2097  4863
1913  841
1392  1398
1147  813
311  312
3948  7587
3156  8590
4183  6178
2241  4992
437  1067
3076  5564
89  91
369  374
2922  896
7414  7931
52  2424
175  2989
1447  179
712  713
4466  6358
118  1960
2363  2366
916  3926
8028  8275
72  272
323  1840
495  3115
1990  2269
1332  4255
3157  8239
6762  7897
1989  4784
3580  5861
1403  8336
698  707
2138  2140
558  4568
2466  5123
6689  7540
1059  1063
1539  4440
379  7491
2591  5239
2818  2020
1926  5788
2946  6635
1533  1104
5528  7858
619  5113
3112  5584
1782  1579
1040  7358
1895  3671
83  4581
7777  8117
3162  8330
461  1265
170  564
2857  3530
243  7687
2870  1513
1205  7546
76  1279
4048  6100
1895  4731
3531  5810
353  3250
2  54
5581  6943
5565  6935
3120  1028
1290  4220
4698  6488
23  463
68  1697
291  5647
1459  4406
4599  6445
3950  6036
4805  6550
2914  6413
151  2634
2850  2456
1542  3128
139  530
1570  6610
3392  8108
726  6928
10  1059
5830  7108
956  3943
2222  7475
1226  1323
635  2316
1132  1136
4413  6332
1059  7976
27  1413
54  55
169  1991
1504  3933
1674  4573
3743  5948
354  8574
7229  7843
20  2807
1598  4470
1388  459
3105  2695
68  74
4338  6279
8534  8593
2746  2762
3019  6829
417  3382
80  2299
565  4034
2017  4804
4749  6523
6889  7630
760  1506
7716  8082
8589  8650
933  939
3265  5663
4332  4370
1036  1037
637  1291
3186  8524
1269  1275
6893  7641
2409  2416
291  6023
2457  5116
2844  2115
6664  7525
170  4686
3124  3566
6448  7412
8447  8543
116  7604
5804  7081
2554  5170
2146  1669
1504  4417
157  5161
624  5270
170  1424
545  547
1226  4143
888  886
1951  2332
2527  1253
5362  6857
417  2469
3760  2356
2065  4834
3257  4216
76  1910
289  3186
619  617
6353  7380
3469  5792
3648  5040
2795  2091
1452  4203
895  902
3114  2073
657  1259
4101  6419
6  2201
2881  559
1828  60
7  1379
130  1715
5260  6822
4284  6247
3258  2616
1828  4611
333  3242
2127  4907
4293  6252
7323  6433
134  5742
879  1200
2890  1439
553  5874
2743  4358
2855  2613
1807  4673
592  3587
8472  8562
141  2668
3143  5002
679  8201
822  3820
6494  7490
1014  3990
2877  4065
8424  8521
2192  5194
332  7339
3231  1853
409  3358
7112  7768
3005  4479
2841  7000
7898  8182
2777  7281
14  2684
296  1616
198  3030
4021  2359
71  451
565  3726
4400  6327
1466  4393
325  3485
4504  6384
2785  1335
118  5895
2891  4205
2428  6201
165  2974
2773  3432
7  816
1120  6055
559  3544
728  3730
3135  4723
3859  5986
8286  8425
5877  7130
495  4956
816  2567
148  1879
3442  5782
1226  2667
1695  7841
9  2740
1879  1017
337  1522
1527  6981
462  470
1711  4587
1322  1328
136  2929
170  298
139  2934
417  2161
2972  5496
1394  2372
7244  1682
521  2218
1  5858
3005  2640
7354  7906
0  8
17  7825
320  1410
8200  8371
437  1177
143  2945
2097  4865
175  8118
1075  1693
2429  5109
8089  7722
1231  4192
2848  6490
857  1241
1001  2683
7811  8387
17  483
99  7426
3678  5900
369  376
2791  3596
112  2706
3226  7954
8016  8267
528  6556
1414  2448
3  1716
175  2991
2782  4301
4111  6132
489  1875
1583  7101
2363  2368
279  7020
8304  8441
1241  1244
3054  3188
2780  4871
6221  7316
144  150
80  2838
1990  2271
4560  6409
1332  4257
3083  1381
816  6326
7669  8051
2004  6986
2758  2264
7814  8146
6689  7542
1195  4107
1059  1065
2781  3416
389  1765
5649  6982
26  7863
2695  5298
4608  6426
296  4691
3851  2542
5249  8674
6846  7610
3253  4808
2606  5226
6830  7602
4500  6371
7777  8119
169  1388
657  2374
889  1714
142  2948
1895  4612
3913  6022
248  1617
2933  5476
125  2715
1577  7420
558  3536
499  6339
7436  7947
8143  8334
2746  173
655  1668
3106  2142
565  1445
353  3252
358  5582
575  1904
3128  2426
2909  5240
5796  7099
1383  4292
3860  5987
1372  3645
9  446
5685  7002
2826  4195
446  1615
1318  1315
1631  4515
499  983
2071  1818
6714  7561
499  165
1753  4626
2111  2119
2006  4806
2780  2214
1904  594
2887  3508
7990  8253
452  5193
99  5600
3261  3197
1757  2237
2755  356
437  640
502  3738
76  2583
208  6940
289  1644
27  1415
54  57
8589  8639
296  4020
800  3782
1674  4575
7357  7909
557  7996
1142  6700
2773  5486
2866  1247
2303  2302
1233  2617
2638  5261
20  2809
8370  8487
3022  5143
4338  6281
4038  2313
1402  2022
2826  4450
417  3384
2449  6678
229  8288
401  407
76  4811
7732  8092
65  2407
3396  5734
2986  1635
763  759
1715  4589
3365  1173
417  7935
1169  7570
942  4144
2122  2240
170  4567
1648  4306
7952  8216
8686  8706
3211  4089
336  3287
3197  8126
437  3339
3761  5953
4423  6338
471  479
5211  6798
195  1712
1652  4546
2684  34
2759  1605
3442  615
3309  5684
4887  6593
8338  8494
1168  1171
1882  4715
607  609
2938  4465
268  3129
205  3046
2065  4836
635  1876
645  4284
301  310
4027  6085
6828  8695
2862  161
296  3349
962  958
5915  7156
3225  8551
1294  7066
895  904
210  8614
7450  7816
296  1484
2660  5288
3789  4873
903  3882
356  3255
2986  3997
6693  7544
13  3532
20  4474
2716  5304
1250  2650
7951  8219
821  2244
6061  7223
388  8549
4897  6597
1807  4675
523  3489
6844  7605
343  6268
1226  199
6494  7492
2182  4966
4  2143
3245  2248
1263  6682
2388  5071
270  276
2988  865
114  2917
1314  6849
323  6474
3630  1271
2771  1052
291  1503
69  2622
905  908
198  3032
3741  7151
314  4375
1002  3995
2294  2295
1595  4509
296  571
8  3551
505  4357
4710  6491
100  107
2488  67
888  1385
299  3205
2818  467
1732  1252
176  6289
3866  5991
77  7707
4005  5103
4325  6276
2396  2400
8089  8408
1914  4117
4577  2296
84  1452
505  3431
285  3162
71  7111
2316  5036
6454  7409
505  4599
2733  5324
6060  7226
2839  4030
6180  7291
3289  6710
2948  1987
1310  4245
136  2931
2577  5198
2171  4510
63  6590
2938  3928
1926  7860
2260  4996
2972  5498
2489  6024
5522  6917
5988  6424
2636  8666
0  10
788  5718
163  8110
6761  7579
679  2284
916  3917
637  2516
2722  2704
143  2947
798  7574
2916  3472
2916  5458
2847  1423
4164  6169
463  7769
6115  7259
2846  3120
5528  7728
7722  8088
8016  8269
8121  8322
2744  1537
3124  7945
2739  964
712  717
3351  4689
4127  6142
4092  6121
386  961
23  909
296  250
3128  4159
5251  6817
452  6913
992  1939
21  3694
191  8306
67  7782
65  2488
4755  6586
7669  8053
2739  2253
8  907
199  209
512  440
3569  4925
945  3934
389  1767
1029  6557
1263  6724
2824  5185
8579  8624
551  3522
2606  5228
1550  4458
870  498
1828  4668
2081  4848
816  5631
763  143
370  5581
597  605
3124  8308
6820  7596
1715  1758
2773  911
51  2795
3277  4874
142  2950
2848  5929
2817  8565
379  382
263  2422
1457  4388
863  8079
386  2492
971  967
678  8033
4250  1593
2746  175
934  1314
48  1221
557  3313
37  1557
3636  7557
8524  4729
7622  8075
1635  8716
7698  8070
2894  7859
5024  5309
3076  3140
455  3423
159  392
1549  4448
4111  4524
6074  7230
816  396
8481  8452
1414  1779
221  223
2722  4490
3567  4316
63  3020
42  6344
2661  3985
7245  6381
2778  76
558  1915
5650  8457
1146  4071
220  3088
417  3373
2750  5612
1120  6233
4  4897
54  59
8589  8641
1141  4077
800  3784
158  2331
7279  6271
2527  2049
4827  6555
878  2391
2767  947
2495  259
2176  4680
2201  3690
5482  6900
2817  7894
7701  8071
635  3609
1051  3258
3265  3560
2828  3293
2879  7725
644  4560
420  422
299  6777
3396  5736
2883  8369
3275  5675
7817  8138
2817  8015
1715  4591
13  943
8440  8531
4266  6235
1826  5590
1036  1041
1219  4131
3156  5616
2843  955
2129  2137
131  1837
6027  7201
220  1128
557  1945
556  296
1072  5545
5211  6800
2786  6729
2743  3878
446  5268
1542  6891
1872  6766
1813  7620
2951  380
1665  7227
4887  6595
4038  3617
3575  5842
607  611
254  3233
5739  7040
2912  5003
565  1139
1447  1756
289  3190
8  7378
2881  671
4667  2512
6499  7438
2015  4199
193  1681
4692  6477
879  7607
2794  3937
922  1827
4356  6299
1414  303
1723  3273
2474  5127
5245  6811
5391  6865
157  159
2438  2437
93  2847
1154  1022
780  781
6530  8077
3825  5966
437  5811
263  262
557  214
1615  1353
962  3417
1552  4451
3661  1778
99  2261
3218  5638
7  2672
523  3491
951  3938
2747  805
885  4338
2182  4968
7569  8011
2388  5073
2935  5471
2935  1270
270  278
2886  4532
2812  2102
1318  5802
114  2919
324  2500
2634  5250
2307  654
2781  3957
355  3247
6356  7385
64  65
1318  325
2890  6115
1283  4239
4612  6443
7332  7896
1995  2001
2762  2631
1595  4511
8159  8348
170  168
4755  8185
4471  6440
3855  5979
2401  2396
1298  1780
2233  3980
3215  5767
1692  6514
296  2909
893  7100
2820  249
411  415
1352  969
1152  1847
1315  1316
532  7057
34  1862
285  3164
909  4011
314  189
637  1108
1428  4347
6901  8625
273  7247
1298  4237
2432  1951
2838  424
2299  375
532  533
356  6198
306  8592
2412  5685
2775  4276
1011  8381
120  1757
185  8302
1310  4247
2596  5213
5631  6970
188  7001
92  2863
186  1707
1274  2725
2960  3396
170  2638
1739  1741
816  4210
1248  457
816  1995
916  3919
1803  4651
695  3691
2807  6685
5704  7017
4940  6621
7736  8096
5138  8097
1795  1794
3441  5776
698  700
2733  3474
2826  1487
788  7009
2935  8304
5700  7019
182  2998
719  722
323  1954
7516  7985
6841  6355
2775  3592
2986  6027
6313  7367
5422  6930
284  3167
2753  2032
5111  6745
1102  4028
2869  3641
3397  5746
57  7554
2365  2566
503  6099
556  3976
3309  4586
528  8078
2949  4014
13  7669
2761  2768
4201  6187
1281  6366
565  4469
986  3974
389  1769
4780  6537
2968  1260
4320  2580
1701  1704
816  6451
551  3524
43  48
129  1320
2745  1861
1458  1461
67  3825
5041  4484
7219  7832
51  2797
142  2952
8046  8284
3247  8380
4207  6207
5931  7170
4492  6376
3519  5806
7244  5795
1232  1239
2173  4974
129  394
244  3084
2661  8175
8497  8570
173  171
3636  7559
2739  2618
833  3829
1318  6796
3329  6998
2887  2223
729  739
168  177
1489  8600
6074  7232
1879  1881
361  5187
2071  4266
441  228
3125  1233
1927  4746
13  461
8569  8688
1504  3108
1920  4743
170  115
42  5299
556  5291
2173  3122
220  3090
321  927
2489  3624
417  3375
7354  7723
809  223
104  6069
54  61
6590  7512
1943  4767
8589  8643
8355  8476
800  3786
5344  6847
3069  348
505  1394
2626  8409
2638  5265
2736  3585
1786  1787
2489  5142
1505  1508
7248  7862
446  3150
5482  6902
2736  6739
2830  6374
3986  6062
1671  1662
3610  8700
86  7718
3374  5720
7491  7970
2782  2132
2817  8017
3128  6418
81  140
225  7998
48  4164
247  3098
7342  6571
5635  6972
1036  1043
2777  1421
2479  2481
2957  4506
3597  8064
1219  4133
35  2360
424  3404
2631  3289
2242  2245
600  597
1288  7121
2561  5179
8204  8377
2745  3539
48  5453
549  3520
2190  4943
170  6907
8551  8606
1416  109
1952  8454
487  6964
7191  7812
2771  4063
2217  2494
558  6844
2977  2182
4319  6261
5561  8204
7949  8393
3744  2354
289  3192
4798  6232
2787  1563
1725  985
7203  7822
463  3988
2908  5465
19  4994
3464  4700
351  1303
6499  7440
2383  2382
1997  4790
3022  1551
2612  7803
2879  3902
824  3822
4972  6654
3284  5119
271  677
3559  7798
5057  6698
2745  2855
470  6219
2280  5007
2823  8144
505  6442
2857  329
849  5757
718  3059
99  4707
567  4058
992  1312
565  8149
556  8366
3049  1438
2863  7169
5769  7055
2761  5172
13  5872
34  333
1080  4579
37  2782
2298  715
4228  6213
105  2428
569  576
3585  5060
3879  5278
170  8680
2087  4854
1051  8200
2912  4442
6521  7454
1529  1530
3074  4477
679  3309
1283  4241
565  3961
1595  4513
291  460
3214  8163
1878  6787
8282  8420
3841  4060
3046  5546
1452  3646
3902  2498
645  5832
1892  7890
142  5477
1203  4110
4436  6340
274  3152
270  1690
3133  7127
5307  6835
383  3324
8248  8405
849  993
637  5540
2984  1527
329  3209
637  1110
0  1
394  3338
3248  5020
2840  3734
154  6066
2938  1825
356  4214
1392  1393
99  7298
2954  1540
118  2881
830  872
816  5138
3194  475
1913  1775
2596  5215
5510  6911
92  2865
3261  1404
4350  6286
3794  8054
67  297
816  7474
6974  7691
80  266
638  2220
13  4154
1739  1743
6539  7470
899  2520
916  3921
215  3056
2464  3581
1447  2510
172  1373
3214  137
213  3397
1558  1560
1711  4017
1577  1573
3268  4803
1713  4615
8144  8337
4952  6633
5246  6814
6321  7368
13  1242
3855  1338
813  3806
3347  1834
67  5908
1965  4772
131  968
6999  7697
857  3583
3988  6068
321  311
23  1142
556  3857
284  3169
3274  5678
927  1289
3561  2702
39  332
7657  8047
2444  2447
2539  5165
1627  1636
13  87
2365  2568
3932  6028
2060  6887
3723  7840
1498  4380
1281  6368
5157  6755
1419  5026
1121  1131
4383  6314
43  50
5796  7092
201  1427
1775  3089
2976  6226
3289  7211
667  668
2903  5455
637  6158
2469  8115
424  1849
565  3545
4207  6209
1608  2804
2784  5359
35  1515
3221  8100
3037  5539
2672  2674
5671  6989
1352  4275
244  3086
8497  8572
637  802
1077  1074
638  3656
4798  6542
3419  5762
8580  8691
2071  7530
2665  3573
2214  5623
2797  5715
7967  8235
446  8037
754  3952
565  1572
3954  6042
6  2746
918  4585
2573  5189
221  227
2461  2467
129  5068
3902  6754
4244  6225
2986  2554
350  6464
730  3716
2772  3268
229  6174
2488  3509
8582  8629
7952  8196
645  639
2842  8467
1477  4404
68  69
78  6944
398  8346
2516  2524
4322  6266
48  1817
858  868
417  3377
539  859
341  349
3608  5876
242  6005
2902  2452
2743  3856
2590  2594
54  63
8589  8645
485  6931
2634  2637
2809  5378
15  1532
2887  373
2936  7405
250  3092
3519  5016
2638  5267
4472  8317
5695  7012
4931  6616
7727  8091
48  662
1925  901
359  3264
404  526
7169  7800
7248  7864
1226  2849
572  3557
2409  2411
79  5610
571  6301
915  3896
855  3845
851  2154
471  472
6458  7415
1671  1664
880  3794
1906  1911
58  2410
247  3100
3149  7711
3125  5102
644  255
3388  5741
456  2419
3683  7581
2479  2483
352  8485
417  478
377  3294
463  1762
461  3409
5151  6753
2534  2540
4194  6191
3220  3282
7941  8679
1456  5889
35  268
4479  6360
2015  1157
8551  8608
1748  1752
235  972
7270  7878
2843  5402
3113  4997
386  1141
243  7508
293  684
76  2147
224  3065
748  3745
2924  5475
6499  7442
2908  7453
284  2298
565  5694
2612  7805
3527  8370
1545  2453
4969  6237
39  2615
39  4601
6494  7485
2069  652
2678  2682
6862  7615
1418  4334
466  1901
841  3010
271  3123
2499  3848
1181  4098
2208  5133
463  849
2280  5009
5843  7114
2564  5182
4214  6196
879  3652
292  2135
1447  726
6045  6696
2830  5008
2527  806
99  5648
3607  5868
1444  6026
3865  4177
4228  6215
7550  8002
1963  8577
5416  6875
8408  7767
3559  5827
4161  6161
35  2859
1504  3044
114  2923
1046  3886
3723  5935
2816  4965
1498  4461
490  3439
129  2908
6581  7507
1283  4243
357  3260
655  7569
170  172
1878  6789
405  978
811  1400
93  1120
3651  932
1545  1661
163  398
1001  3483
4994  6670
6446  7403
997  5993
2745  5327
4019  7222
5032  8588
44  8290
3349  5707
4063  4296
248  3101
2178  2183
426  3144
849  995
637  7757
0  3
170  6830
394  3340
2848  1116
4250  6229
2755  659
7245  7850
8661  8697
1913  838
830  874
1960  5528
2751  136
2820  495
505  2511
8084  8312
818  756
426  3386
369  371
8137  8323
2785  8472
8  1826
1739  1745
44  2008
1452  6118
2844  421
2173  3434
1842  6569
144  145
1990  2266
1723  1922
1220  7983
4439  6343
8214  8664
4959  6638
2118  4895
1558  1562
3214  5737
1056  4024
2768  3701
1608  336
199  202
3139  3348
1059  1060
923  233
42  2470
1656  7466
5056  6692
4835  8450
1683  1678
1965  4774
3988  6070
815  3817
206  2312
934  6663
170  3823
77  2841
1648  3562
3597  5101
68  5990
5268  4252
4347  7814
2745  3838
597  598
101  5120
2487  2496
2877  7377
3932  6030
1075  6265
2362  4487
13  7673
870  612
7893  8447
5157  6757
1757  8285
331  334
3221  5645
3255  4475
2085  4852
170  2897
405  3932
2860  5114
3531  5807
203  6686
2777  915
5796  7094
2840  5401
7432  7944
637  6160
5726  7035
8221  8104
2734  1218
2956  2085
4356  4614
165  688
2348  1411
821  7674
2307  5022
2933  3498
4976  6658
3037  5541
2111  2114
2744  1798
2176  7464
4805  6547
156  2975
154  162
1062  8379
446  5932
2777  5358
3128  6046
1557  5096
2320  8236
3713  5918
2875  6768
3221  4961
2744  1101
3183  2454
511  520
1132  1133
821  4883
8589  8634
22  4678
3623  5880
2649  5149
173  2861
159  2963
3743  5945
626  628
3614  5013
68  71
484  3433
3020  2059
22  7014
8078  8310
2362  4045
2255  8120
785  3775
417  3379
2146  4915
2745  3288
5025  6684
3608  5878
2623  5254
2886  1692
185  777
2590  2596
8589  8647
2797  4094
2828  5393
7623  8036
417  7701
3268  5665
3211  5131
3493  6012
4931  6618
4449  6349
3055  5557
212  1001
1862  2015
582  4735
2129  2130
1120  1112
170  3744
4442  6346
1641  4527
471  474
8440  8416
4670  6469
370  3280
266  6606
7009  7705
3256  5668
2745  4698
355  5897
1504  4414
3921  1103
1046  1055
2348  43
264  265
2882  6137
2679  5283
2770  2661
456  2421
1648  4543
1942  4761
2782  2257
99  6321
216  719
279  7191
5609  6960
301  305
356  2190
2809  3528
1403  925
937  4158
403  5914
3218  3992
126  2896
3536  4796
48  7672
3214  6731
2190  4947
170  724
4194  6193
2057  402
7941  8681
2101  4875
437  7898
3532  4273
31  565
2771  5343
7258  7870
973  3973
73  1959
1635  8522
1399  4310
556  4853
711  3707
4797  8105
755  3750
2106  4845
4284  6244
116  4931
6499  7444
3966  8069
170  3181
1450  4396
1403  4321
1728  4606
1286  1292
403  4880
2612  7807
4506  2277
557  6515
1849  3849
488  494
40  8440
384  8250
6494  7487
7965  8233
2268  5001
8231  8389
163  2131
13  6802
1510  2582
4094  8604
2912  5480
2936  4642
2862  1687
1181  4100
780  787
7898  8179
2507  7646
2139  5264
802  1300
6855  7614
355  1254
372  2655
2564  5184
3954  4810
3150  5244
3468  8034
44  2789
2740  916
555  561
7538  7994
125  2899
99  5650
2499  5139
7220  7833
100  102
3854  5976
673  3670
5416  6877
2641  5259
2257  2344
380  3310
559  3541
2112  2636
68  8407
5326  6839
5694  7006
205  2491
728  7928
129  2910
2887  2632
8286  8422
435  6888
2303  2352
352  4904
357  3262
2201  126
967  976
2902  4603
175  2733
4982  6662
1293  8087
1150  7513
3046  5550
35  1935
811  1402
3138  4092
4151  2011
1322  1325
582  7702
136  2926
5202  6786
3349  5709
1953  8483
248  3103
2178  2185
4634  6450
3220  1808
964  3953
224  1699
0  5
504  8169
1538  3959
3569  5833
916  3912
1485  8499
293  486
143  2942
2801  5732
1913  840
3948  7586
1231  4189
4183  6177
6524  8240
2840  6074
2241  4991
1417  1575
1606  4480
48  8653
2422  7254
886  892
6749  7577
2881  4799
1052  1864
2772  3580
1417  3911
1739  1747
4092  6116
35  6620
3421  4928
917  592
3181  7427
8028  8274
6890  7637
6452  7411
26  5753
4103  6130
3038  4345
1857  1860
6268  8004
2940  6439
1147  5605
1340  1341
4951  6641
1059  1062
2996  5516
463  6141
556  2693
0  260
159  2468
6  1206
355  6315
3079  8439
866  2589
2841  6581
1184  1178
790  793
2947  3301
3153  5621
6830  7599
2081  4843
112  1080
7777  8116
2808  8326
6144  7271
2937  3781
3673  7313
2665  289
2117  4887
6066  4355
3579  5850
3431  3471
261  6693
586  2023
6709  6383
2423  5078
3531  5809
353  3249
86  3134
5796  7096
5581  6942
5726  7037
4126  6140
430  436
2112  5603
1695  4268
2844  5229
2789  2324
2957  8553
645  2495
1290  4219
2900  3323
99  3490
947  7263
6387  7392
879  5816
2111  2116
4304  8482
4805  6549
3347  5705
6174  7284
3366  1554
866  858
76  4674
58  7515
2893  2273
3091  531
1869  4919
8068  7123
917  6458
4532  6804
1075  1382
4065  6106
4686  2518
557  1456
417  3368
23  5952
1931  4750
7466  7957
2  4846
485  7969
58  5421
3038  1580
2760  5248
508  1685
5826  7109
8589  8636
1908  4739
1674  4572
3673  1044
4846  6563
3743  5947
252  712
4038  3357
1194  4120
7229  7842
20  2806
125  873
68  73
1504  4282
3218  585
514  3543
1402  2019
785  3777
417  3381
1782  4640
2816  5385
7716  8081
636  944
8276  8418
8589  8649
1452  3718
13  7354
1775  4637
2828  5395
266  1118
565  6369
1585  4476
1991  3703
1184  1917
2770  435
1954  1835
3136  4730
880  8107
6893  7640
336  3284
8436  8528
770  772
3225  2937
2722  8244
6664  7524
870  1124
5804  7080
279  656
2452  5121
1046  1057
495  1183
1226  4142
2848  139
1647  1166
456  2423
1678  1684
80  796
1432  4368
3469  5791
2171  4936
1230  4153
7265  7875
985  8523
104  2587
637  606
4105  6123
504  3460
3441  2696
2823  3586
7198  7821
2761  493
634  2523
4307  6257
1399  4312
279  2066
3274  6905
2753  3261
755  3752
6795  7589
5076  6704
663  1948
6915  7654
4284  6246
333  7671
1763  4629
622  2526
1807  4672
962  6566
196  7787
8472  8561
2986  5512
488  496
3005  5525
556  3111
1542  2122
1414  7077
7245  7128
385  5178
1008  4174
3124  1955
466  1905
2912  5482
1181  4102
2590  3216
780  789
86  3081
1557  1649
7460  7955
5180  6774
193  2389
1896  4727
1075  7732
271  7449
1995  1996
8409  8518
325  3484
3322  5703
125  2901
2499  5141
3072  344
1480  1486
100  104
3854  5978
2746  7004
48  8050
2412  5667
165  2973
2816  8231
42  8501
173  353
23  1577
637  982
191  5591
103  6939
2933  3797
636  7173
2396  2397
355  1498
2733  5200
5694  7008
3230  3791
129  2912
2781  5362
909  4006
2316  5033
1453  5338
7141  7784
637  6472
5853  7122
96  2856
13  5302
2823  3265
760  2607
3752  5943
6446  7407
462  469
644  6596
403  5487
1322  1327
7796  8129
136  2928
2577  5195
913  8218
2829  720
1394  2371
248  3105
901  3899
6004  7183
556  454
0  7
4405  6336
637  4728
916  3914
2755  2878
2249  2252
143  2944
2097  4864
163  2630
99  888
2012  2016
332  2816
3561  5836
3299  2160
1606  4482
1549  6163
2428  4819
21  187
3159  3577
7811  8386
4003  7645
350  2577
2862  92
207  1774
8016  8266
542  532
34  1294
4282  6242
8000  8258
175  2990
1564  405
7942  8209
67  1363
446  1359
7383  7922
637  661
8379  7917
8463  8554
22  5232
7327  7761
4951  6643
199  206
1059  1064
1250  2581
2996  5518
389  1764
13  6846
7293  7884
3760  4867
1955  4770
785  2932
637  782
4193  6183
4608  6425
790  795
1915  1170
6830  7601
1694  1696
252  1614
327  4942
2808  4127
597  602
3673  7315
3913  6021
5912  7152
2849  7053
2117  4889
21  4054
2490  5134
7436  7946
439  6967
2423  5080
353  3251
86  3136
5796  7098
3857  5981
1383  4291
816  5870
252  1627
5565  6936
3759  6843
430  438
2761  4294
729  734
1294  3172
1598  4337
2749  1695
7978  8242
1753  4625
4805  6551
1890  7074
3011  5529
6380  7391
2778  302
2877  8683
31  2166
417  3370
1931  4752
2492  5085
3567  5831
3713  5922
1490  7261
8346  8466
3215  7106
175  575
446  7225
54  56
8589  8638
1674  4574
2009  4793
4621  6447
521  2151
2869  5422
2843  8402
3743  5949
169  7590
23  1874
1635  8029
129  6471
169  3160
3285  2627
3889  6003
1008  5881
1775  3579
20  2808
1489  1495
68  75
4338  6280
5881  7131
1402  2021
2809  3277
1142  404
785  3779
417  3383
5005  6679
6889  7631
5478  6899
2035  4822
636  946
6307  7360
3265  5664
2112  2009
3664  5898
2960  3567
1418  1857
2739  5325
2280  1364
7048  7745
3159  5618
4423  6337
3512  4201
299  600
1298  2327
3918  6020
821  3156
35  32
2877  657
4038  6876
917  7065
1652  4545
3509  1836
264  269
21  3517
2072  4838
499  4044
456  2425
588  595
1058  1298
2950  7965
607  608
1388  3159
254  3230
1635  5251
816  2179
9  1184
2777  2826
1782  8159
289  3187
4027  6084
314  2951
1814  4664
279  2176
1695  7224
3469  5793
1452  3036
1638  1994
2874  2614
4298  6254
4105  6125
3226  6974
4630  2563
899  8192
3214  7085
403  1609
3582  836
84  1075
1147  4507
44  2430
556  1824
878  3824
798  3801
2797  6689
314  3193
508  3473
2533  7811
2377  589
1142  7667
951  3935
2986  5514
565  4882
296  5926
2388  5070
4874  6585
148  578
3124  6387
213  8143
170  1091
3038  2442
2704  5306
2912  5484
333  331
2638  7167
3040  8150
988  7321
3275  1042
2089  4858
1542  4231
1343  4287
1596  4467
1828  1821
5420  6879
6850  7624
5423  6884
13  1908
1801  2361
3106  5592
3753  973
1480  1488
100  106
3971  5104
5108  6728
3043  5243
3416  5754
2633  2635
2777  1337
3  5771
643  4182
2888  4322
2684  2048
8286  8426
1503  6962
285  3161
5374  6776
1250  4072
2316  5035
4903  6602
3265  4659
3127  4954
3442  5783
2733  5323
6291  7350
2760  3211
616  1167
96  2858
316  5076
3239  4377
4398  6322
1322  1329
854  1978
8195  8365
136  2930
2577  5197
213  1164
2596  5210
25  4082
8672  8704
3106  4908
8214  8536
0  9
1072  6644
3071  5560
27  1014
624  1004
3793  5959
3000  432
1253  4181
821  4258
4164  6168
2352  5055
4298  4899
542  413
7197  7815
3127  5088
2858  4634
6115  7258
3645  3967
2762  5340
2841  1203
2025  4818
8016  8268
1775  1674
556  8282
4092  6120
80  1671
2588  5160
1430  4379
5111  6742
3172  5625
3980  6064
7717  8093
1418  4261
10  7210
5887  7148
866  2701
8463  8556
3050  4588
1195  4108
1575  4366
1059  1066
389  1766
1263  6723
2259  4998
31  1792
8  2303
149  4228
359  1594
1121  1126
1730  2402
8206  8378
7886  8171
565  7849
8579  8623
19  3889
43  45
5796  7087
6830  7603
99  5575
1663  4563
1694  1698
1828  4667
2081  4847
47  2675
2598  2599
597  604
2374  5069
645  3533
51  2794
20  1266
2895  3788
757  3710
426  4105
2117  4891
3318  5813
5847  7964
331  340
2092  2094
7436  7948
6713  7553
1453  4093
908  2078
689  3697
1219  2465
2748  4879
1014  1013
1282  4211
821  1372
353  3253
86  3138
7622  8074
170  2314
5565  6938
2874  3971
291  5758
162  918
3254  3963
1426  4340
729  736
567  4121
173  518
417  3359
217  2547
2923  3311
1359  4286
2751  1807
824  744
511  513
497  8199
20  8045
730  3711
6155  7275
7667  8059
3536  4184
1352  1021
4218  6204
5174  6770
815  2213
417  3372
2862  4095
1931  4754
119  3678
7345  7900
1849  4163
565  3206
8589  8640
1858  4397
800  3783
4621  6449
4827  6554
252  945
85  768
4345  6285
2638  5262
1583  1425
3036  5537
2365  2363
2748  6302
3863  5989
4718  6503
3104  716
1789  4647
44  5089
6  1828
8700  8713
3275  5674
1027  1035
1046  1048
1715  4590
1333  4259
8440  8530
923  2146
4266  6234
3091  4052
7450  7562
8462  8548
7004  7704
7914  8191
2857  5319
3120  3972
3156  5615
3464  3516
5802  7082
6024  7195
2937  4753
6027  7200
1226  8455
4261  6240
223  607
622  1107
357  1361
3927  2459
4191  6181
3  3987
452  8014
2661  7972
2957  4624
2534  2535
1804  3184
154  4156
5211  6799
28  1536
292  7244
3580  4980
1318  2163
32  2365
1379  1355
386  3351
205  3047
67  2817
2  2193
3723  1474
7539  7997
4027  6086
434  1069
6499  7437
4692  6476
1170  4106
2038  4825
2921  742
5236  6805
2882  3231
1273  4204
1380  2869
2448  2444
1782  3852
5391  6864
2495  3199
2877  4055
74  2833
260  6221
93  2846
903  3883
388  2471
3825  5965
666  3647
798  3803
757  1550
1732  4610
1142  1132
3225  5640
195  1029
3261  5105
2820  1161
2216  2215
619  44
2900  4308
4216  6200
1290  6601
760  1188
7902  8183
128  8559
8576  8622
565  2898
6824  7597
637  4235
279  6513
2182  4967
972  6211
2388  5072
850  852
3010  625
2798  2203
3448  8435
1184  1371
2925  6179
927  3930
2867  5420
988  7323
6356  7384
1294  196
571  5988
48  3732
238  3075
5420  6881
661  3666
397  8023
3217  5654
4755  8184
2057  2060
105  6868
100  108
654  3663
1361  4279
4690  6483
2562  5201
5108  6730
8  2734
2950  8464
1792  4502
1879  8591
7317  7893
839  3830
73  355
3658  2256
2488  2404
849  990
279  8044
2316  5037
5299  6833
1591  1600
2857  931
1298  4236
4469  3639
1317  4249
6291  7352
7908  8189
1263  7396
291  1867
5105  6738
86  2401
2916  1245
2737  1768
2965  3847
4398  6324
2748  880
3042  7248
1380  1501
2577  5199
6216  7299
1452  1791
3239  4500
1795  8546
169  7889
200  3038
5014  6677
6524  8354
4342  6284
2826  1823
400  3328
806  3787
3091  3060
3149  6714
5026  6687
1117  3908
529  8582
3160  4099
7736  8095
13  6716
2665  3073
1051  292
3731  4036
2829  5396
5700  7018
2825  4230
719  721
3172  3291
1828  2320
2977  3281
3669  4097
878  3868
1977  4779
2863  2657
1414  3619
5111  6744
1438  1761
3999  6079
2767  5578
3247  6969
1394  1691
4112  1755
2539  5162
1627  1633
7117  7770
291  6673
3042  7853
2887  4303
1701  1703
85  6460
417  783
166  1201
35  4653
936  1348
43  47
5796  7089
2955  3885
1694  1700
1974  1983
389  1889
148  2958
2422  6576
3537  1308
51  2796
4483  6370
4584  6422
7218  7835
11  2202
4135  4869
4207  6206
8381  8502
5268  6825
3143  5289
2816  4894
2117  4893
5188  6307
1232  1238
2768  5348
510  3468
3636  7558
4380  2054
352  8214
99  1618
8034  8515
2387  2394
162  920
833  3828
4797  8529
1421  1783
3301  3488
417  3361
3223  8264
558  3071
306  5479
2797  2679
6  2743
99  3725
2745  4438
5293  6831
2841  1931
3639  5883
499  397
454  7336
452  8458
4282  4528
8569  8687
1294  7727
146  6173
1920  4742
3948  6345
35  6305
2516  2521
4322  6263
2733  4441
417  3374
821  3723
20  934
5937  7175
684  685
2888  299
2590  2591
6203  7294
8589  8642
800  3785
80  2412
2086  2536
1943  3948
8379  6553
7255  7046
3005  1759
1764  1209
783  2505
1731  1032
5485  6906
1388  4305
42  6708
1910  1906
280  6765
4857  2355
7405  7929
3275  5676
565  1235
35  23
105  2977
630  3616
1149  6167
1046  1050
27  5272
2782  1313
1715  4592
173  5326
8440  8532
2794  3804
2217  2709
816  8586
1647  4542
1618  1626
6566  7480
4740  6506
1753  3248
6027  7202
321  7826
2909  6908
2816  2250
1444  1446
3531  2232
2937  1493
151  6856
28  1538
2922  138
2820  8492
2963  1896
1416  337
2842  1606
2545  2551
437  430
1168  1174
7733  8094
6487  7429
67  2819
327  3941
220  3815
435  5689
63  1882
5243  6810
6499  7439
2840  2068
2112  5530
1286  1287
2612  7802
2844  2941
2474  5128
2830  4763
557  323
434  7837
88  5214
5391  6866
5482  8445
74  2835
251  253
5057  6697
3102  5572
3824  5971
3354  3578
3225  5642
1184  313
2775  4130
4216  6202
3113  5586
3187  6060
37  2781
1247  4166
1192  6216
849  7274
1725  300
6344  7376
1170  3653
2941  8340
2002  2005
5932  7058
5420  6883
2894  7218
637  1096
4471  6441
1890  1885
3311  7277
2784  3330
100  110
2744  2211
2820  5727
96  634
8  2736
324  3201
2751  2335
350  1389
1723  846
1318  3012
6442  7402
2455  2458
359  2148
1016  8568
2817  7011
76  776
3740  5939
3028  4198
296  1984
2584  5204
170  5780
1152  1151
6766  7583
1294  8145
830  871
6531  7457
1142  8276
540  3512
1868  4704
3872  7936
816  4090
6216  7301
557  2109
1147  7344
307  1934
3136  590
3872  7828
6478  7422
3116  5041
2112  8376
291  3279
2746  31
65  2707
3  1829
3088  4161
10  556
2829  5398
389  7005
5246  6813
1056  4021
182  2999
719  723
1656  7463
3457  6889
40  1832
1965  4771
8456  8544
3160  5619
5467  6903
5166  3299
8380  1086
5111  6746
6144  7266
8236  8396
2539  5164
3267  1436
2862  8032
99  89
2903  193
3104  5579
3147  2539
999  7664
5988  7140
1226  2230
1294  4320
372  369
2839  3591
3804  5963
306  3950
2085  4849
557  1317
1885  8696
450  3406
8022  8265
1121  1130
2877  5280
353  3244
43  49
2969  7498
5796  7091
356  280
2348  4670
7450  7995
4038  6251
2598  2603
2813  8678
2336  2337
235  1387
51  2798
3330  3949
4207  6208
1648  4151
441  445
821  2652
3037  5538
2940  1670
239  984
1352  4274
842  1728
2006  8181
397  3529
8499  8580
3221  4019
7  1802
8473  8564
1147  6915
1059  2601
417  3363
1250  4118
4456  5205
6  2745
1138  4062
2939  5474
1557  5443
3049  687
170  7808
252  2922
7667  8063
2634  7992
8582  8628
8585  8633
4512  6389
1537  4454
40  4436
4730  7551
48  8232
2235  4984
220  3091
1040  5045
858  867
725  3721
417  3376
3159  2107
7243  7856
2900  1587
1563  1558
2590  2593
8589  8644
275  3148
7718  8085
2809  5377
639  6808
2626  8410
2495  4921
2426  5087
4931  6615
4554  6399
7169  7799
13  2101
299  243
359  3263
2922  1992
212  998
3271  8296
3567  4911
2932  236
1225  2623
8160  8359
4942  6629
1635  6170
577  3570
1294  5877
190  3575
5054  6806
12  2751
86  2700
1274  7332
1775  444
1635  6291
3407  4262
169  1422
3128  5601
544  3514
5635  6973
544  1070
456  2418
3126  4508
2818  191
3226  1477
6985  7695
13  2343
2217  2711
4474  6352
11  18
1678  1679
4740  6508
2242  2246
6027  7204
2064  4832
5364  6860
3158  5628
112  3224
1943  112
4194  6190
3054  3706
8551  8607
12  549
7570  7688
5727  7033
2532  4829
80  3127
1350  1705
399  4341
2773  5386
1371  1993
3679  5902
2786  666
67  2821
7949  8394
757  3756
176  2993
133  142
3162  8500
2612  7804
488  491
2881  1024
1348  1349
2767  3662
485  4623
93  2850
461  1785
170  5285
204  1900
3982  6145
866  3002
2745  870
31  1154
34  2886
3102  5574
1631  2576
619  1095
3275  5236
2225  7930
34  1610
4115  7613
2771  4656
352  4888
1294  7771
315  7450
1178  1180
617  618
4044  6097
37  2783
350  3243
1480  1481
3692  5911
234  853
5416  6874
235  1455
1219  2645
2817  6650
315  7342
2940  7215
155  156
1205  1434
3868  5992
2870  5429
757  749
1725  2867
5008  6675
2797  1689
6  1753
2912  3854
2640  8121
2297  5015
2840  5937
96  1683
2983  5491
3963  7434
2714  5303
3046  5547
637  4481
811  1399
749  750
3077  2093
10  4504
6861  7617
841  2446
5202  6783
997  5174
558  8510
3617  4703
809  1676
5779  7060
1782  3643
306  301
2831  7177
100  8046
849  994
12  1517
0  2
3138  5607
4067  6107
2460  2282
1143  1148
1943  743
361  358
5619  6963
2819  8227
1570  6096
556  341
98  2873
1868  4706
1221  4141
8000  7903
5510  6912
3519  4373
4745  6520
6219  7308
1322  8101
1785  3661
3261  2573
1210  1215
3455  5785
649  653
2935  5032
3680  5903
1753  1090
2938  5680
7208  6223
7244  7866
1613  4493
840  342
1564  1568
4103  6127
10  558
67  6956
5246  6815
4745  6533
1056  4023
6302  7356
182  3001
1656  7465
2977  5500
1981  4781
1965  4773
815  3816
1219  2445
4894  7043
2936  3405
1946  6867
7245  7286
6144  7268
120  1426
863  3870
352  5869
1584  1940
355  1185
3645  953
8395  8512
2707  6820
327  4240
3128  434
2761  5336
43  51
5796  7093
2840  5400
6709  7548
2965  2133
446  441
5726  7034
430  433
294  801
8157  8347
796  6152
1309  1304
2336  2339
2124  4900
656  3634
279  1432
379  387
2610  5059
958  966
3143  1092
3116  2386
1913  637
1925  1923
352  7279
27  2564
1011  3983
296  4940
1963  7584
2665  4850
1914  2178
1895  1936
3942  6033
2508  8286
151  2980
417  3365
637  5583
511  519
1119  4051
6967  7681
2098  4860
1075  3715
3060  6934
1742  4215
3072  3790
730  3717
7229  7839
2886  1570
1489  1490
556  5752
68  70
1647  2076
1913  2986
2837  890
1  3692
2716  829
2146  4914
417  3378
131  2984
2748  818
2797  5369
170  468
2816  5382
2623  5253
2590  2595
2809  5379
2748  5140
86  8058
5695  7013
4931  6617
4449  6348
20  3274
3038  2169
1059  8335
2745  4576
6607  7509
212  1000
131  2058
417  1634
394  3865
1890  6627
2936  4265
2873  1176
2527  2525
559  6534
6779  7592
4474  6354
11  20
637  482
4740  6510
377  3295
13  7943
1862  5639
112  3226
4888  3900
2190  4946
4194  6192
426  420
1828  1561
3693  5910
8551  8609
2771  5342
7217  7831
565  2649
2079  2082
8025  8270
2801  3006
7508  7980
619  4346
2749  4765
2804  2486
6  7795
1730  4557
116  1776
80  4068
2996  4413
1218  2167
170  26
584  7479
2462  5122
1450  4395
5541  6922
3970  6726
1728  4605
9  1542
2612  7806
8472  8558
2725  2728
3067  8615
2986  5509
3280  7676
2559  5176
1348  1351
2268  5000
6862  7616
251  257
1164  8589
466  1902
3936  6031
124  1384
516  5106
3102  5576
3805  5962
7905  8043
333  1494
2684  1801
1388  3759
13  735
2886  4645
44  2788
8583  8631
315  7452
7538  7993
8038  8279
1106  4046
1178  1182
3239  5177
617  620
130  1027
350  3245
80  1169
2041  2045
1480  1483
7445  7950
172  8571
2634  6531
1237  3482
175  3658
4332  6273
2485  2207
35  2860
3539  5819
718  7963
3913  1078
1416  4329
4121  2010
3868  5994
3937  1435
3220  4238
772  3769
42  8619
3149  7741
2940  922
4982  6661
3194  8157
870  3028
6703  7555
1142  683
2771  4792
6446  7404
2463  2461
1322  1324
2577  5192
5202  6785
2912  4916
439  4360
6156  7278
2008  2002
1858  4687
5614  6958
3116  4682
521  2443
3617  5873
849  996
579  583
4195  4537
48  6316
3057  5657
1913  839
2988  5786
14  252
3326  826
6531  7461
2665  5281
741  3735
1868  4708
3129  5681
4641  6465
697  696
495  3450
293  8419
307  1938
6812  7595
2739  3402
5882  7136
3680  5905
175  2987
4944  6624
2862  7902
8120  8320
2771  6094
3225  4278
816  4444
6590  8162
5597  7677
5249  8657
7828  8148
2818  5388
8287  8433
3276  5677
353  1946
3025  3880
4103  6129
3128  6718
296  4566
3214  5738
5610  8491
5166  6565
4951  6640
6  37
1059  1061
28  2765
2996  5515
1504  1677
2937  6103
1965  4775
2214  1278
2921  5112
68  622
170  2067
6830  7598
40  4172
2808  8325
2921  5462
3673  7312
2802  8022
38  8714
4352  6294
4872  6589
3762  4802
651  2003
2032  2038
1471  1476
796  8248
4364  6304
680  1657
733  729
86  3133
521  3061
43  53
5796  7095
1438  2238
3466  6093
7863  8397
1808  4666
294  803
2854  6468
131  516
13  6159
2307  5023
8504  8578
2762  3846
441  449
296  2017
740  745
13  7327
2112  7938
2631  4073
2870  8519
65  8685
557  2731
2860  6525
1869  4918
468  3413
2823  3196
4686  2517
2749  766
1318  8198
3216  912
4609  6434
645  2965
1132  1134
2112  596
2098  4862
3526  808
296  8446
8589  8635
7362  8478
1908  4738
495  3142
292  2325
2888  5432
159  2964
3743  5946
1320  2996
12  1453
553  7698
6506  7446
1489  1492
68  72
1913  7418
785  3776
4090  6111
2753  5328
1452  4993
2257  3700
2816  5384
3678  2676
2590  2597
582  2629
8276  8417
1027  1030
1075  8160
3043  5548
3927  4548
988  8686
656  1797
1525  4424
3268  5666
4931  6619
1618  1619
1081  1680
4534  6394
3288  5729
2409  2414
241  242
1225  641
321  1403
99  3276
2768  4912
879  1172
1417  8395
894  6176
3256  5669
2824  7207
2495  3999
437  5671
26  4639
991  5025
636  2353
6709  4906
544  3518
17  4038
1992  4812
1288  6416
1264  3844
983  7766
2941  6681
141  2532
2527  2648
3994  6133
2891  4056
1416  3834
2032  8038
2106  1800
2171  4935
6512  5156
7246  7861
7265  7874
4194  6194
4105  6122
34  2527
1617  4497
2095  2092
2771  5344
7198  7820
2986  3054
6802  7591
7860  8168
2079  2084
1399  4311
1417  4328
3244  6961
2660  4695
1540  4435
327  6162
2861  2241
1603  4491
1059  7774
3650  2172
2951  4349
1728  4607
5544  6929
8472  8560
170  4350
2986  5511
3005  5524
293  219
2622  5234
4477  6357
279  1489
103  2724
34  2890
1538  3584
3279  1976
5180  6773
988  7318
291  1499
3038  7219
8  2608
101  7754
3941  4283
2303  2340
44  2790
2201  4544
2760  2027
88  93
697  7556
2844  5404
170  6807
3322  5702
1274  1646
7220  7834
2041  2047
5086  6707
100  103
3854  5977
915  3699
5416  6878
2267  5019
88  2200
4728  7901
2867  3213
57  6004
1416  4331
2999  1383
2763  7293
3365  7627
2781  5361
2824  5731
1635  1665
296  1038
452  3500
749  754
1456  3356
4611  6427
2877  346
1953  1947
1653  1655
567  225
2769  1981
3256  2328
5767  7054
521  3492
3003  5531
1384  1386
7462  7959
760  2727
901  3898
780  7809
2426  7132
296  3266
7744  8318
84  643
3569  5834
4405  6335
1237  4197
2257  7030
151  5507
839  926
3160  2108
214  3052
2352  5052
6223  7310
2959  3515
934  3149
3561  5835
741  3737
6534  7468
1154  6535
495  3452
1538  4431
4282  6241
32  2415
2771  8311
101  788
4092  6117
2780  5098
6890  7638
1723  4598
5212  6791
8113  8319
1690  2206
2757  913
1003  1010
4103  6131
1339  2393
7383  7921
4267  6239
3214  5740
934  6545
5610  8493
3160  4457
4951  6642
28  2767
2932  4041
34  1535
118  6861
1121  1123
4763  6527
6836  7644
635  2398
3153  5622
8380  6690
6830  7600
2430  7213
485  360
3317  5693
2902  5451
6144  7272
3673  7314
51  2791
99  4525
3091  5875
2146  2435
7846  8153
79  86
3311  5097
3579  5851
2032  2040
485  481
2811  3993
20  1613
557  3538
7420  7937
4364  6306
8376  8503
2423  5079
4969  6645
1791  2099
86  3135
5796  7097
2845  1281
3113  2493
4135  6153
3039  2315
1504  2042
3  6749
2173  1117
2880  7920
7016  7709
151  2971
149  158
2836  4881
2  7049
3025  5534
2775  929
4824  3638
8235  8392
2744  8675
740  747
296  1790
1925  6128
1987  4791
187  3015
417  7678
3347  5706
1447  4517
2820  2513
1357  1362
3409  5766
78  4950
1869  4920
1192  8613
557  1686
417  3369
322  328
7  5191
3713  5921
8346  8465
2857  5411
2888  294
565  3203
687  4132
7734  8123
8589  8637
1753  894
1154  8442
1908  4740
633  634
159  2966
2533  3220
3889  6002
2567  2575
2848  1282
1764  3648
6731  7566
776  3773
547  5936
2811  4369
688  691
1388  4300
1804  2000
111  121
785  3778
88  403
3128  5473
3028  5535
4090  6113
4986  6665
280  2559
3055  1467
1828  3296
3223  5252
296  2274
910  3894
1359  3720
2537  5153
1649  2247
7984  8247
5623  7895
2739  1352
7048  7744
465  3628
21  4671
2748  4326
386  3106
575  1810
153  2346
968  3956
2117  4688
1659  4547
2749  4635
1608  7736
1954  1957
2824  7209
2782  3765
89  725
1181  7110
1069  5886
434  3389
1607  4478
1008  8579
1418  2098
6962  8212
2115  4884
2999  8351
321  5848
2826  5390
3994  6135
133  135
1814  4663
389  4033
279  2175
644  610
2361  5061
1557  4778
122  1437
7265  7876
2604  5233
434  6664
3650  1114
563  887
456  6157
4298  6253
4105  6124
1617  4499
3740  5208
2809  1666
6700  7545
5495  6918
3205  5049
498  6275
2201  2197
5076  6705
1540  4437
497  6841
798  3800
842  837
68  1968
1764  883
3162  4534
1264  4209
1878  5829
7658  8049
2986  5513
565  680
3214  5111
282  8205
3231  2311
2773  1433
1775  116
5745  7042
2839  4941
6940  7661
3000  5532
185  3024
5180  6775
988  7320
2089  4857
146  1083
473  3427
905  906
238  3072
138  8089
170  164
897  3876
2631  3312
100  105
5932  7174
5108  6727
2748  3079
169  3322
1988  4788
3038  1865
3128  1795
2849  6544
1058  2144
3774  7797
909  4007
3214  2212
452  3502
1639  4526
4611  6429
7847  8176
96  2857
1209  4124
3752  5944
2795  1181
6430  7400
418  8506
1564  1319
499  5950
2925  244
2959  5490
10  2753
4518  6386
2577  5196
1868  4699
6369  7390
345  3497
1294  4878
7462  7961
2801  5843
1447  1444
163  2968
8067  8300
1534  2086
307  1929
300  758
2106  3709
129  122
6751  7576
579  587
3851  6946
4532  7573
1712  3297
2302  2308
3071  5559
4335  6278
3793  5958
355  815
2840  8292
3561  5837
367  3269
372  7585
495  3454
37  361
2762  5339
4842  1211
6526  7471
1538  4433
1675  6919
1601  2503
3194  2229
3366  5719
293  3175
4092  6119
196  1293
657  3637
5111  6741
3172  5624
811  5501
302  3180
3980  6063
2495  3130
1807  1332
454  7186
6014  7188
842  5790
3225  2188
7383  7923
2601  5219
8463  8555
142  2117
2805  6446
2996  5519
327  850
1121  1125
4763  6529
100  5274
7765  8109
1225  5383
5796  7086
3  3126
2649  1624
59  8656
403  6214
2015  4721
148  2955
6994  7710
597  603
7742  8098
8  437
3  2079
51  2793
562  1548
300  316
1815  4552
3852  5975
958  959
1075  6499
2367  5065
2117  4890
8149  8341
2490  5135
1760  3569
2768  5345
818  3810
8376  8505
2423  5081
186  2321
3511  5803
799  8671
8249  8400
279  270
1426  4339
2665  4964
643  2129
3335  5698
499  2609
187  3017
3172  752
842  1965
463  3595
565  1916
2817  4725
2932  5466
2488  3503
1447  4519
2744  5415
2744  1214
120  7164
2661  5380
78  4952
5174  6769
2808  182
798  848
5925  7162
1453  4455
2931  4194
1842  2052
1274  2763
858  862
7783  8125
417  3371
322  330
341  343
31  1578
2144  1599
2880  4902
2033  8413
796  1152
3127  6994
3457  7623
8336  8459
2009  4794
557  1809
2869  5423
8228  8596
1915  2126
3597  6061
773  3770
992  690
2760  5372
1578  4463
3054  5553
1829  1830
2739  2280
143  893
2610  2395
688  693
5032  7830
2362  2064
1388  4302
4923  6611
558  3552
5005  6680
8700  8712
6888  7636
3275  5673
1027  1034
4542  6397
1672  1967
13  5371
2537  5155
3688  4536
6307  7361
992  1979
2824  3936
76  1189
6015  7189
2735  417
5780  7063
11  13
465  3630
3902  7353
2768  3748
2023  4826
968  3958
4844  6560
2869  3571
35  5739
816  7536
112  3219
1659  4549
1075  3037
4175  6172
680  3676
1140  2385
1181  7112
1914  1742
2750  4229
639  642
1387  7217
291  7543
358  363
2347  5044
1189  4492
1992  4816
1610  4485
2346  5048
3060  4391
894  2100
42  1591
2115  4886
5884  7133
127  7785
2826  5392
5405  6869
3225  7612
279  2177
7849  8158
2171  4939
4010  6081
3639  2647
5648  6977
80  1149
188  194
1000  8474
6681  7534
6700  7547
74  2832
3128  3636
1140  3795
166  5804
271  3117
2143  7176
8464  8552
798  3802
679  8540
22  3315
1732  4609
3824  5968
887  6732
99  3535
1379  6965
3261  3347
5634  6971
314  3194
7003  7706
463  4226
6448  8127
2988  7389
3116  5588
158  1082
879  613
4399  6320
7119  7773
269  2081
2762  1569
2192  3668
413  4755
3315  5690
3311  2013
4056  6102
6363  7386
6141  7273
1884  4720
927  3929
4144  6151
2666  8398
2848  5406
2867  5419
988  7322
556  1249
2767  1805
258  1555
1388  8424
640  3606
2886  450
238  3074
1635  5857
5420  6880
8589  7634
661  3665
5423  6885
463  388
2662  412
2791  2283
3417  3728
767  3768
2950  8463
3485  3603
3416  5755
3003  4125
849  3083
324  3198
1038  4002
8135  8339
3221  3035
2818  4079
2888  351
1456  5683
1501  730
1943  5047
2763  7526
2235  4926
1417  2722
849  989
2999  6985
909  4009
1497  4408
63  4483
452  3504
5771  7056
6291  7351
1764  3705
4525  6391
442  4250
94  763
2836  3436
7590  8027
98  2868
4043  6095
4518  6388
10  2755
1868  4701
345  3499
7237  7845
3125  1997
20  8583
2761  4726
4010  4376
92  2043
2862  2297
1771  1772
3013  6896
6545  7473
65  2812
4888  3827
6524  8353
4898  2300
4342  6283
314  8471
5591  1998
4614  2541
400  3327
816  4208
413  7467
170  6019
63  5893
359  2508
3793  5960
2891  6088
1265  1267
2877  3975
2883  4692
938  8456
367  3271
2813  5387
2644  3400
988  4786
2762  5341
759  762
1155  1516
76  6855
293  3177
3226  4923
196  1295
3277  8352
2214  2210
622  3618
1878  6462
5111  6743
302  3182
3022  6850
4  6494
150  5794
3367  5801
784  4619
1627  1632
417  2876
3061  4977
134  538
2601  5221
645  2474
1046  3572
2367  5054
3752  2121
2204  2552
1029  4571
521  1886
2857  3871
1701  1702
8395  8507
3746  7941
3906  4924
7749  8103
5796  7088
2773  201
2745  8504
2532  812
446  4866
1974  1982
148  2957
3257  1482
2751  5057
373  3304
1744  702
2590  5597
2748  2773
7865  8170
4207  6205
19  39
1046  4043
2775  5350
2117  4892
8149  8343
441  442
2662  4426
2299  4374
3417  5756
1304  1305
447  1950
619  2434
1601  774
2423  5083
1282  4212
184  2479
397  3526
512  3476
1059  3874
1016  1023
162  919
499  504
13  7212
5591  4831
4901  6599
729  737
1002  8480
417  3360
112  4710
2623  5235
321  2080
1085  786
7287  7883
1819  7655
1775  4616
5825  7105
333  2844
1417  212
3230  3139
7667  8060
6944  7665
2957  277
68  2509
5174  6771
3596  5862
5041  7410
327  1228
6956  7675
858  864
21  1158
1128  6323
1782  431
1294  2828
3132  6522
3483  7045
1915  2128
58  7991
3020  6725
3054  5555
757  1283
2775  4679
1328  2304
1388  4304
333  3207
99  3040
3313  7243
7998  8257
558  3554
857  3850
19  2522
280  6764
1894  1897
452  5787
3578  5942
6  1011
12  2748
4645  5063
1906  1907
1453  2605
541  3506
687  1345
3124  3907
2749  4518
11  15
1647  4541
1618  1625
1158  4084
3902  7355
505  6185
4844  6562
3906  6013
8204  8375
4571  6403
22  29
6644  7520
2950  1660
31  5218
292  7245
244  4050
2914  956
4519  6923
80  3124
2163  4929
6535  7469
358  365
3584  5854
2545  2550
170  5269
175  3398
2862  8084
7752  8106
2755  5743
3851  7366
320  3227
1903  2265
67  2818
1183  5322
2797  2478
6  327
5243  6809
3292  2191
20  7846
7953  8217
2736  7571
2612  7801
81  2837
3214  5920
4881  6578
48  2431
3194  3467
556  7533
74  2834
1075  5617
356  1500
2112  7865
291  553
887  6734
3824  5970
2503  2502
3225  5641
1753  2455
8583  8626
2755  3891
3113  5585
2739  914
506  2319
27  1796
5749  7044
37  2780
21  6448
2862  755
2782  991
63  3183
6344  7375
477  3429
6471  7150
24  4652
7859  8164
760  3754
6407  7394
1240  4162
5101  6715
2201  5826
2848  5408
7339  7899
6571  7502
637  156
1413  377
1862  5084
131  2913
5420  6882
661  3667
2938  4254
1768  4631
2315  5029
1457  4217
4690  6484
2410  5074
8  2735
2403  2405
2771  586
324  3200
1804  2985
672  3654
2762  3920
809  1673
841  3840
170  3672
63  1331
2936  5470
1570  1771
5778  7061
2201  591
2299  3866
2767  1002
1497  4410
14  2112
521  1391
1080  1089
6608  7518
7208  2824
446  7633
1804  2877
73  477
7889  8177
4525  6393
2584  5203
1935  4757
185  4559
8366  8479
6766  7582
2201  4913
7574  8021
6163  7289
1154  1159
612  5077
101  2875
2745  4976
4226  6218
435  3394
13  3442
4349  6288
5718  7023
307  1933
4159  6164
200  3039
1210  1212
649  650
65  2814
3530  4384
3857  4550
5324  6840
3385  5723
2887  5446
1077  8388
403  1533
1564  1565
2861  5430
590  3574
1648  512
44  368
2208  7265
2829  5397
5832  8599
3756  7184
8690  8710
6155  7010
35  4870
2464  7083
878  3869
3856  7307
475  2698
196  1297
5  1729
39  2774
48  1547
2539  5163
1  977
5386  3651
213  3048
3709  5917
1498  4378
2680  5287
1417  3221
7702  7643
2032  2033
4580  6412
3081  5567
842  6144
1121  1129
8395  8509
3083  5118
5796  7090
502  2548
1764  942
2106  2103
760  8707
294  798
1720  347
6331  7370
1517  1479
1458  7288
2900  4364
4584  6423
1062  4053
4128  6143
5893  7144
958  963
8149  8345
2411  5075
169  4186
888  3873
557  8203
2768  5349
27  4776
7943  8213
818  3814
532  5931
208  3067
512  3478
3079  3669
2800  2268
1016  1025
417  2194
3865  6564
499  506
3945  6035
8473  8563
870  2139
417  3362
2043  3982
670  1556
1662  4556
76  588
7883  8468
2532  1406
6  2744
300  1730
5188  6779
1138  4061
389  267
6282  7346
17  2610
2912  3798
6941  7662
730  3714
7667  8062
2637  5256
4034  6090
1064  4233
2464  6762
1477  4402
565  1102
1294  6910
4322  6264
111  114
486  3438
1248  1546
530  3481
10  4677
7243  7855
88  1564
2590  2592
1251  4180
71  3317
2862  2233
8278  8421
8632  8690
76  3166
88  288
644  240
542  2673
1256  1262
2527  5892
2771  1822
178  181
105  7516
1413  2902
6610  7511
8435  8526
2216  4165
1374  1375
1140  1208
961  3946
3151  5611
252  251
3211  1986
807  7414
12  2750
321  1519
1906  1909
2122  4917
5187  6782
3102  4150
2217  2710
5780  7067
8068  8072
11  17
1439  4365
4740  6507
566  2225
8627  8709
112  3223
4571  6405
4194  6189
5  5985
237  3110
2422  3465
1775  2900
5727  7032
3258  4932
639  646
2911  889
306  4112
4894  7445
3199  7708
2855  2714
4455  6351
408  3342
6487  7430
14  1725
320  3229
67  2820
757  3755
452  3119
176  2992
2745  4010
2230  1844
3510  5799
2771  2198
4881  6580
105  6845
8221  8384
3004  5523
2362  8271
387  1310
210  216
2997  5520
34  2885
3102  5573
4519  7517
1147  1708
7246  7172
3824  5972
887  6736
4082  4281
3326  5695
4489  6362
44  2785
138  1895
1279  2537
112  2660
637  1084
3288  6342
1211  1356
7556  8007
2112  6941
138  7264
2757  3673
80  1395
1449  4382
1225  207
1247  4167
5416  6873
2804  4953
235  1454
88  6625
3240  5749
3  7978
2940  7214
7859  8166
5101  6717
2916  3329
1001  3589
2625  2628
3077  1971
131  2915
12  1274
2911  4419
1768  4633
2315  5031
3963  7433
17  2786
8  2737
324  3202
890  3879
2862  7765
809  1675
287  6703
27  885
417  7981
40  3793
12  5717
1519  4171
101  770
2744  4898
179  1629
1782  1777
1935  4759
87  1811
899  3904
437  2338
98  2872
6531  7458
1868  4705
3545  5822
3741  4714
357  2574
23  1008
2299  727
196  936
6216  7302
4349  6290
6  21
2855  7775
1862  1140
3436  3556
93  663
46  2803
287  1468
2804  81
971  6530
3239  3456
400  3331
7251  7868
1536  566
2098  2255
93  784
1564  1567
6103  7253
120  5613
4103  6126
2654  2658
355  1989
2636  4001
530  529
5227  6801
506  1892
170  1943
1056  4022
1288  3325
2977  5499
403  1656
1082  4654
2999  828
3160  5620
7102  7758
6565  8573
39  2776
1608  2670
2955  3875
2043  2561
81  1726
2870  4999
1385  4318
6144  7267
199  5919
2652  5271
2377  5066
2511  5295
6556  7477
401  6548
3104  5580
2479  6282
2823  1891
3690  5906
679  2291
7281  7881
7528  7987
2485  5279
1828  579
4355  6296
5721  7026
2032  2035
1471  1473
2855  3011
8395  8511
4452  6350
373  3308
294  800
2828  7459
4005  6075
656  3633
279  7847
1062  2069
2968  4995
2182  1871
5893  7146
321  1842
300  5691
1205  3811
644  1263
293  2497
5661  6988
141  6341
907  3888
3138  6574
3090  1430
1261  4386
2161  2162
4976  6656
3662  7025
4035  6038
2684  1156
208  3069
526  5859
454  4293
8499  8581
512  3480
1542  4520
499  508
4781  6538
1231  2120
8144  7306
558  7504
417  3364
348  3493
2519  5145
2231  2234
5188  6781
2757  1526
1913  878
356  2041
841  7977
1775  419
118  937
1320  4979
1318  8316
5  2457
1077  1545
6525  7456
2488  2691
725  3722
916  809
2797  5368
1226  971
1064  2370
938  6166
81  129
122  130
2864  5543
7718  8086
2432  1190
556  624
26  3576
843  3835
249  3096
178  183
816  174
2722  5315
212  999
3608  7165
1517  4422
7478  7966
7702  7216
112  3212
2407  7145
1330  1334
2173  562
1374  1377
1890  6626
35  484
71  178
170  6078
8199  8372
84  1056
757  4562
3191  7119
2893  5439
3509  1012
11  19
1320  215
878  1819
2311  2310
1731  1735
1439  4367
4740  6509
4474  6353
4578  6410
204  3043
3079  5565
63  1643
2064  4833
35  5974
3158  5629
112  3225
492  3446
8539  8598
191  2057
404  3333
1288  2104
35  2712
1008  1003
1288  1286
596  2227
639  648
7579  8677
8613  8668
65  790
6468  7419
408  3344
4119  6138
521  1006
1538  3568
154  3464
176  2994
8460  8547
1266  2062
2631  8542
4878  6577
67  5158
79  6444
8  3760
645  2654
426  6259
6852  7651
2559  5175
210  218
251  256
409  3582
3246  5058
37  1953
5126  6763
5764  7050
103  2721
34  2887
3260  4175
3805  5961
185  3019
3909  6018
8045  8281
2886  4644
44  2787
8583  8630
2755  3895
1456  4387
3715  5923
2624  7347
315  7451
3718  5928
645  681
10  170
390  391
4044  6098
85  1512
2041  2044
463  152
321  7387
291  799
3539  5818
6407  7398
1635  7139
7963  8225
1318  7432
2789  1799
2909  6819
2214  3813
2857  2199
1312  7388
84  2842
30  6248
1583  7070
6170  7283
81  2278
2732  5321
58  6761
96  866
1046  974
1635  8428
324  3204
437  4313
74  2275
3370  5056
2195  7075
2415  5092
3242  1343
2863  6945
1946  7539
3126  5598
590  2276
170  5891
2489  4260
4689  7138
3225  5082
1478  4401
857  3559
929  924
3138  5608
1725  77
42  3612
637  523
6522  7455
20  2281
1008  695
3006  3853
5583  6947
2921  5206
3114  3157
2938  4621
101  2879
2862  7780
2843  1122
3623  8632
495  3449
636  190
2981  534
1447  863
1380  3842
46  2805
4678  6467
2775  3812
5882  7135
3680  5904
8291  8430
3781  5956
4944  6623
565  5844
2027  4821
6316  7363
741  7238
7828  8147
4798  6505
2804  3466
2809  1595
8287  8432
2430  7197
7244  7867
5878  7137
463  2046
2911  7241
870  3861
295  8356
1695  2025
296  2579
6660  7523
2818  3751
5610  8490
7551  7236
28  2764
2903  3337
282  8013
406  3353
5784  7071
2173  751
175  7658
3223  1706
7102  7760
2782  1963
39  2778
99  1597
23  2770
8369  8484
1974  1975
3080  4057
2997  4288
20  8134
3221  1552
2257  2263
2921  5461
877  881
3301  5682
99  4751
6144  7269
2743  6852
79  83
2794  3407
679  2293
4352  6293
118  1731
59  370
403  4344
3225  3593
635  5670
4355  6298
2032  2037
1471  1475
7521  7986
2375  2376
7626  8039
73  1207
1545  7059
7  2839
1414  4324
879  7198
86  3132
2761  5337
7850  8161
1785  6482
7146  7779
9  899
6709  7549
4971  6651
1647  3808
656  3635
487  6795
2932  3354
12  1318
2106  3275
2861  2656
3170  5626
441  448
1581  1589
2753  2978
120  4944
2949  5778
27  7345
1225  385
4781  6540
2112  6072
398  3316
2908  5188
107  400
281  287
248  2096
2873  1740
2231  2236
446  5464
503  7984
2552  2557
2098  4861
3937  6040
7464  6502
5936  7171
6967  7682
6513  7448
637  5934
52  2800
489  623
666  2205
5929  7168
5593  6953
732  3727
1489  1491
521  511
2804  5373
144  6711
2881  2624
1833  4684
725  3724
1258  4187
2076  7300
2797  5370
19  8113
122  132
1672  1962
75  811
2448  4169
4541  6396
2848  4554
8259  8412
3248  5656
2428  5099
2812  1598
2722  5317
2317  5039
7377  7916
1330  1336
3057  5014
3125  8595
4754  6517
2634  895
1410  8391
8199  8374
938  933
1913  88
624  4449
2893  5441
2781  4971
2798  2171
866  535
8546  8603
1731  1737
760  5478
1274  1269
3218  2464
8605  6968
327  5330
5726  4741
437  543
1925  7911
3367  7956
4172  6175
2171  4934
204  4213
3115  8415
3343  5798
404  4503
504  3458
2079  2083
2192  7622
1383  3511
2804  2716
2823  780
27  271
1417  4327
947  6364
1730  4558
3887  7295
565  1603
126  213
408  3346
7938  8208
154  1480
3266  5672
5188  2153
315  6272
2713  2719
5932  5051
2195  7748
2845  2380
355  2409
138  3872
35  741
1074  1076
5543  6932
2986  5510
2192  5649
4112  4272
1228  4145
1563  2408
2877  1258
103  2723
34  2889
7246  5190
99  1786
185  3021
4223  6210
3307  5686
2777  2488
2794  4872
8045  8283
2640  1924
702  3698
2844  5403
485  5915
948  950
3718  5930
8038  8280
2214  4970
2214  769
390  393
2884  5704
67  4584
3219  7680
767  3763
13  857
1318  8481
4479  4981
3539  5820
2804  4139
6226  7325
1293  4223
1988  4785
4961  6647
3868  5995
3011  453
170  1450
94  2852
21  7743
2781  5360
7046  7737
816  807
7  1163
3551  5012
3258  5662
80  8057
2807  7712
19  7818
7907  8187
1653  1654
2988  5774
103  992
4898  6604
151  2460
2986  4129
1868  4696
2415  5094
252  4498
2748  4486
2960  4665
2619  2157
191  3027
7462  7958
2747  6772
3533  4648
1601  4473
579  584
1237  4196
2302  2305
65  1760
321  1457
214  3051
2968  5549
3878  5999
2333  5038
6223  7309
741  3736
17  938
72  2823
3668  5896
495  3451
1753  2369
2813  1302
4423  6859
170  6256
7809  8136
1388  406
3597  3104
1723  4597
8287  8434
1564  1571
258  3107
1003  1009
1716  4594
638  8172
4251  6230
446  4969
76  5924
28  2766
489  1175
497  5954
3015  7192
3927  6025
556  4319
4763  6526
2656  5273
2131  2678
67  6262
3317  5692
2424  456
2902  5450
2921  5463
1809  5781
2201  4356
4362  6303
79  85
3119  7141
7427  7939
4352  6295
2939  5224
2032  2039
1380  2113
7  7500
39  3022
1011  940
1128  3740
372  7369
1016  1018
2466  5125
1389  7716
8304  8333
4971  6653
5545  6925
43  1451
3025  5533
2475  7052
300  1723
565  3189
3605  5290
2932  2309
740  746
187  3014
1060  7783
1363  1368
4227  6212
2762  3968
1659  1137
1008  2604
3566  1255
816  5292
398  3318
5143  8355
4384  6317
4403  6330
2857  5410
3299  8495
1047  731
345  1213
1477  2530
3285  8331
637  4539
565  987
170  3841
3411  7918
4894  8001
3746  8662
446  2204
52  2802
1915  2123
2746  2051
1169  320
2877  6937
4993  6667
776  3772
3038  5542
3019  3314
1388  4299
2745  8178
3005  935
558  3549
1943  2306
2208  3809
4090  6112
2753  5329
216  5017
1885  2072
3149  6992
129  5772
2908  2170
1027  1031
1672  1964
1207  4116
7036  7733
2836  5485
1525  4425
184  7401
4870  6573
465  3627
1618  1620
291  6480
1807  324
3441  5006
3057  8278
968  3955
2833  4103
3268  4031
731  3719
1937  4756
22  24
1536  1443
66  67
5604  6955
2722  5211
74  1648
582  6255
2963  5502
1992  4813
3218  3513
8173  8360
1082  7746
5613  3863
3273  6603
3994  6134
133  134
933  941
8627  8715
327  5332
279  2174
5  851
6479  7424
8289  8427
2771  205
1535  4429
2115  6990
1051  6073
2938  8195
27  1549
2797  379
2793  903
8474  8557
102  676
1332  2565
757  7252
512  4452
1085  1870
3022  4109
3887  7297
811  318
1762  5761
798  3799
2673  5389
13  3758
20  499
27  1441
2955  3826
2910  4578
1753  464
6361  7381
417  2242
124  2892
1228  4147
21  1195
3388  3425
2519  4962
5745  7041
4375  6310
4581  6415
32  41
522  8307
185  3023
505  261
138  962
988  7319
3307  5688
5927  7166
473  3426
25  7208
8165  8350
54  1264
948  952
17  3597
2214  4972
390  395
1891  4733
6249  7338
663  4876
2201  465
566  7158
48  5246
6242  7335
1988  4787
4961  6649
2829  5137
1545  4446
1416  4332
208  1973
94  2854
1869  4277
3710  6054
4059  4747
7046  7739
1185  2598
116  7982
452  3501
1542  7036
6626  7567
7581  8019
437  5593
2870  5784
4611  6428
2233  2231
1209  4123
8660  8692
107  7115
2777  1806
2880  5425
5  6838
2959  5489
10  2752
495  6473
1293  6453
7462  7960
8067  8299
2797  2165
7772  8122
4240  5064
565  237
4719  6496
6751  7575
2964  1524
8387  8654
417  753
4532  7572
2844  4842
2343  2345
27  7657
808  3792
7263  7871
2314  5027
2352  5053
1063  4018
6223  7311
7158  7791
389  5242
72  2825
5889  7142
622  7924
495  3453
9  2742
565  2694
1418  2381
296  1523
7816  8141
1538  4432
1102  1098
1730  4602
193  7666
3987  6065
293  3174
284  1405
3971  6057
5212  6792
2908  3527
1098  1100
4879  6582
1183  4096
1533  1442
1447  2156
1910  345
3455  1831
4290  6308
4763  6528
2192  4646
4038  1105
170  4285
1152  4086
6  619
1663  4561
3655  4521
8014  8260
681  3683
89  95
6  5759
2986  198
2499  4015
408  1309
3532  2586
2775  1146
879  665
1894  1397
130  1301
1403  1574
2750  6751
2877  4577
1241  1246
4957  6636
5077  6701
7838  8155
2028  4551
7194  7824
6155  7260
1225  5853
4743  6532
3036  1079
8249  8399
4135  6154
2830  6572
499  501
7450  7413
315  1094
1753  3915
6228  7334
2984  515
857  2545
13  7330
187  3016
913  905
4500  6373
372  8660
80  409
1083  1087
463  3594
487  2490
2511  6832
5281  7877
683  6980
291  4012
5158  6760
208  2028
3  2562
5925  7161
8413  8520
1718  1719
398  3320
683  5933
531  8545
3484  8277
1288  6043
1264  1256
122  123
1895  3459
3543  5824
1915  2125
676  682
2797  3267
20  1051
7711  8076
3175  1641
4993  6669
776  3774
2845  3163
2432  3519
6714  7563
3966  6048
2789  1053
4090  6114
2818  4494
7145  7786
4015  3954
6888  7635
389  2732
13  3613
1672  1966
2186  2187
176  638
2655  5375
1418  100
4205  6222
1089  1093
2773  5367
5780  7062
1095  4025
11  12
3124  7287
27  1417
8356  8470
3005  1179
58  6365
733  1350
1510  224
4175  6171
3091  5568
267  6475
811  186
680  3675
5604  6957
195  7538
35  1658
434  3390
2963  5504
358  362
521  4032
675  3681
2115  4885
2527  3109
1806  2558
190  3114
372  2862
3994  6136
7418  7934
327  5334
4010  6080
495  488
2843  1544
6910  7649
1273  4202
5483  6909
3053  307
854  7187
1913  4764
210  211
175  1651
7945  8215
75  7836
557  669
3425  6487
4158  5318
3041  3306
2882  317
2782  3082
2809  970
565  8373
2377  1047
3116  5587
6954  7668
1154  551
3268  4638
837  844
2874  2267
4880  6592
2891  6637
6216  6921
1228  4149
178  7331
2781  5230
5415  6872
3218  1784
697  3695
2273  2279
1075  7024
4375  6312
170  273
4581  6417
4144  6150
2848  5405
3411  5747
2969  2433
3292  4069
948  954
356  3257
13  4352
2625  1576
1422  3991
425  8497
565  923
1294  544
4690  6481
3114  1969
3184  4657
2103  2110
8379  6712
3126  4423
1885  1887
1988  4789
1205  4114
296  2317
841  3837
6073  7235
2936  5467
637  7979
279  4070
2999  6984
35  6827
7562  8008
4525  6390
2761  632
321  1448
3612  5871
8660  8694
1542  4005
7247  7852
2880  5427
3069  8332
1569  3650
841  5126
974  2272
10  2754
634  3601
7237  7844
40  647
7462  7962
4726  6501
58  2916
163  2969
8067  8301
118  7656
1542  8327
307  1930
5781  7076
4719  6498
65  2811
37  1288
2377  497
16  411
1320  4464
427  948
1120  5830
6211  7303
125  2569
3112  1360
2642  2643
2982  7932
1382  4295
2744  3859
354  820
7158  7793
367  3270
733  7003
2830  7016
72  2827
2229  7550
120  131
816  7940
759  761
3482  3909
1538  4434
1453  4067
1730  4604
293  3176
356  492
13  8003
2959  4807
2348  452
86  4280
619  6500
4879  6584
3401  2644
99  2529
1635  5885
2601  5220
2787  2192
4853  6568
679  2286
1723  4951
3385  835
5743  7039
166  8073
185  1899
2559  4176
2753  2729
1815  4661
1152  4088
148  2956
2940  3989
373  3303
89  97
4584  6420
4945  6628
2660  2659
5084  6706
659  664
958  960
1804  4660
873  1347
842  3000
565  965
8149  8342
246  4403
1581  1582
2422  7153
2768  5346
2775  101
2957  1081
1414  4330
1457  765
8461  8550
2986  7905
512  3475
4823  8220
8249  8401
317  3236
2760  5347
2748  6047
1917  1918
6163  8254
124  626
499  503
220  1088
127  860
4901  6598
670  1553
6471  5108
2844  1261
300  1727
1542  6851
4532  7374
187  3018
4500  6375
3603  5864
8357  8469
220  2377
158  5700
619  1628
398  2383
1666  4564
1457  4390
5  5606
3136  6105
7212  7829
5925  7163
6  8460
1718  1721
1805  6793
79  573
1201  1202
321  4307
4231  6227
122  125
2872  5887
2789  5364
3011  4016
3054  5554
39  2463
4923  6612
785  2024
1294  6331
558  3553
3966  6050
1552  2196
2173  557
1643  4529
2112  7717
3015  6996
67  697
1843  1850
12  2747
3962  6052
4063  6104
541  3505
3022  4676
5790  7072
81  1534
5454  6894
2610  1470
6015  7190
25  4608
2893  5434
4034  2141
5780  7064
3999  5301
11  14
88  3910
1647  4540
465  3631
81  487
566  2222
27  1419
2886  5431
2812  7431
4844  6561
2750  8539
687  3680
2192  7494
7323  6639
1163  1165
22  28
2816  1659
6644  7519
1059  290
5150  6752
2941  378
1849  1843
434  3392
296  1701
358  364
1519  6583
1992  4817
3851  7365
647  3621
2777  1071
1648  1974
1826  1980
1418  2451
34  8238
8  372
2401  5860
1276  1284
3509  5800
81  2836
3114  4978
2377  4190
12  4399
557  1718
619  2367
3247  8661
291  4982
887  6733
3824  5969
3163  6452
2862  2848
826  832
3159  5286
1760  3625
1605  4505
7769  8112
2843  4003
2912  1622
816  4988
2215  2219
558  3003
3214  8605
88  2071
876  1592
1667  4565
2797  7270
1885  7942
2862  5413
417  2475
5630  7580
4143  8287
446  732
170  3537
8325  8451
5897  7143
6807  7593
389  5796
816  2894
3040  6395
760  3753
992  5042
2848  5407
565  1033
2768  5643
2887  4840
126  582
6323  7372
733  3246
1910  1596
356  3259
6729  7565
115  2904
2090  4910
1768  4630
936  3053
67  389
120  1972
3597  627
2887  1928
4419  6333
637  4827
809  1672
841  3839
3246  5658
6494  7496
2936  5469
1274  2940
596  1793
3658  7854
5240  7650
137  4662
42  3607
8667  8699
1143  1144
4525  6392
586  7117
6274  7348
3017  4495
899  3901
2163  4620
2861  5416
2665  5275
10  2756
1868  4702
101  2874
6413  7399
2619  2621
4226  6217
8178  8363
435  3393
4349  6287
2900  5263
2879  8358
5718  7022
148  367
65  2813
2916  548
3258  1709
689  1216
3013  8294
4933  6688
170  6478
2887  5445
6211  7305
1293  1330
2757  5335
7494  7973
2867  3931
367  3272
72  2829
2957  6076
3354  5712
3975  6059
866  3858
7918  8193
2857  8289
741  1877
3762  5951
6  1428
2845  2307
11  4512
2977  6893
3020  3062
293  3178
296  709
7584  8024
196  1296
2771  1311
2772  6380
34  8293
4635  6455
1147  7116
8198  8368
2257  2258
7656  8048
2781  2938
558  830
4568  6401
3104  5577
679  2288
333  5852
2485  5276
1533  399
4580  6411
540  2358
3081  5566
947  4439
8022  8263
3080  5570
8395  8508
38  2413
3510  5154
3701  4456
3391  5728
7746  8099
397  1299
806  3682
3055  5284
3246  1846
2139  6709
2176  7796
373  3305
1417  308
876  3862
1695  2504
67  7436
2736  1222
1858  1219
3668  8601
2112  577
8149  8344
169  4185
441  443
1304  1306
431  7568
2767  5352
2767  3137
8227  8385
512  3477
85  1912
4823  8222
8249  8403
317  3238
630  3469
809  1485
499  505
3256  8670
4842  7417
372  2127
281  282
3006  5526
4002  8194
1662  4555
1452  773
2755  5355
2963  3843
8408  8517
1458  1463
675  8436
6265  7341
1117  675
142  2954
4034  6089
5725  7104
556  3762
3596  5863
327  1458
63  5815
6699  8249
2303  5086
2809  5483
5985  7179
111  113
486  3437
2813  1926
3285  8566
2748  8627
12  521
122  127
3143  4955
2527  522
7718  8083
174  3966
2789  5366
8632  8689
76  3165
2388  2578
2527  3905
1879  1883
2722  5312
3166  630
3434  5777
6610  7510
8435  8525
7979  8245
6876  7629
2733  2697
2595  5207
558  3555
857  3851
1643  4531
1894  1898
4070  6109
2533  2528
7369  7912
12  2749
1075  2209
1274  7788
541  3507
637  3969
14  2758
14  314
3838  4712
2893  5436
11  16
2304  7781
397  3435
557  418
5988  7180
1943  4769
112  3222
492  3443
98  1072
2902  5148
22  30
4571  6404
7084  7756
1294  7514
3436  5018
1225  1227
2900  5452
2945  2485
3172  3696
1995  1145
80  3125
355  1115
1671  6454
506  3462
358  366
3584  5855
3597  2347
6  1604
3531  3979
320  3228
7837  8151
452  3118
4283  6243
169  2012
6032  7199
1856  4076
7021  7713
4881  6579
417  2235
188  197
8221  8383
1127  4317
4883  6588
1067  1068
3004  5522
2661  2150
3214  2070
887  6735
4132  4855
58  208
327  4533
31  1273
2558  2560
2745  6816
152  2960
1449  4381
6557  7484
2749  7460
173  7220
2826  510
477  3430
671  8665
655  3702
6407  7395
209  3881
2826  3664
5100  6720
465  1097
3220  4234
3411  5751
2800  3611
131  2914
115  2906
557  5237
1570  7357
452  3494
4730  5847
20  4251
176  563
1088  5812
2208  1642
231  233
2449  6952
556  555
558  1153
26  5722
6182  7290
7031  7730
7678  8066
8574  8618
816  6521
7798  8131
1645  1650
76  4267
7300  7891
67  283
3265  1509
126  3041
7612  8651
1775  3867
2188  2050
6006  7185
2377  2703
711  698
2087  4856
2015  3290
283  3146
1935  4758
816  5595
2877  6180
26  1763
2861  5418
124  2106
98  2871
3339  5716
1154  1160
3545  5821
246  4957
435  3395
1248  4178
3130  3741
1279  1276
916  1224
3436  5770
65  2815
2069  2075
1577  2138
1828  1720
3385  5724
840  3831
274  3154
399  7764
0  1639
3274  1921
4990  6672
169  4040
565  593
2970  4398
1564  1566
354  824
7494  7975
1453  6165
352  6901
7177  7810
205  3441
65  8534
146  6015
2940  6892
72  2831
20  2641
2781  1880
80  1194
7005  7703
3605  5030
532  537
4021  4716
406  3350
5784  7068
791  1471
8670  8702
1222  4138
2495  4411
126  2249
2753  2720
1915  1621
7584  8026
39  2775
6974  7693
2889  258
79  80
213  3049
175  542
679  2290
357  4225
916  3923
556  3388
3398  5733
2032  2034
46  842
1288  4734
1416  2970
20  3004
1744  6182
698  704
1713  4617
2675  5294
4949  6630
788  6784
65  1205
25  7256
1322  7886
656  3632
816  2830
2478  5130
876  3864
1147  6313
1096  7021
327  5527
86  2432
1261  4385
1581  1586
1913  635
4975  6659
2767  5354
1808  3965
2365  2570
512  3479
3330  5696
3547  4004
1016  1026
1117  4047
7954  8228
499  507
1008  4814
6026  7206
281  284
2519  5144
5753  7047
4507  6382
99  1970
5188  6780
4317  6258
1458  1465
553  339
207  3903
6941  7663
7863  8167
4604  6436
2637  5257
565  3547
3536  5814
5  5839
7503  8305
4698  6485
2348  2350
350  2612
5671  6991
6841  6385
10  2921
1489  6039
1270  6904
4814  6552
2684  2686
1056  1956
2863  473
2769  6702
6072  8210
249  3095
178  2626
2722  5314
4824  1204
2661  4809
4677  8361
2595  5209
647  6524
1330  1333
115  5202
452  8234
882  877
1374  1376
961  3947
2492  6959
5448  8652
525  2333
5359  6853
1487  4407
14  2760
630  814
4730  5110
1182  3771
2893  5438
694  3687
8087  8315
1826  574
1731  1734
1612  4523
2961  1408
566  2226
3133  4632
204  3042
3261  3326
314  1187
334  2334
492  3445
8539  8597
296  2981
86  3171
1225  1229
1269  1272
2900  5454
291  3805
2842  7435
2823  7193
4378  8576
2809  5043
1804  3767
4896  8273
7989  8251
1635  3729
408  3343
420  428
2895  5460
1895  1855
157  728
580  1585
571  6195
2983  4297
7021  7715
3261  306
23  1667
6567  7481
1510  1869
2725  2726
173  6041
4578  2342
5362  6854
3226  4405
1660  4553
2919  5157
5168  6759
3366  1941
21  5391
849  847
3216  5151
7285  7882
67  1077
2856  2364
1753  1748
1441  4371
32  36
887  6737
1916  988
274  2538
6657  7532
1318  2988
437  3239
170  3649
645  3942
2938  5062
4032  6087
1072  7887
575  2651
8329  8453
2839  855
1667  4569
1059  8362
3246  2145
3196  2553
35  4363
152  2962
2798  1497
2321  2326
3221  2088
48  1858
4132  6146
8619  8673
4293  6249
1542  1541
879  1197
6407  7397
1274  4207
2707  2217
7963  8224
5100  6722
542  3534
822  3588
142  6044
2057  1354
2839  7742
179  2664
184  3008
3220  5633
7977  8243
2280  5011
174  748
6170  7282
2732  5320
1828  6836
3216  5635
644  2619
1525  4354
3481  2671
2407  541
5459  6897
3114  928
1868  4693
8574  8620
1885  1893
23  1225
112  6407
3128  2260
879  4593
2818  1280
2773  1803
495  1220
5759  7051
306  3913
10  882
2665  1186
3057  2730
1904  4737
2348  1250
2590  7428
114  2925
5590  6949
3570  6927
2582  2585
99  7528
1744  1257
2750  8585
1014  3892
86  6017
91  6361
3878  5996
4284  5223
6699  7501
245  6010
3545  5823
2781  1640
1728  1370
2553  5159
1527  6978
3781  5955
816  6886
1874  8025
840  3833
291  2571
725  8461
8287  8431
2760  2870
4654  6459
2840  2341
3461  4903
870  3860
431  7196
811  247
86  5212
2830  7251
6660  7522
5610  8489
83  2699
532  539
406  3352
80  149
2533  7149
40  5217
1404  1407
822  6421
7102  7759
39  2777
23  2769
2739  2006
3076  5563
2902  5447
2257  2262
89  90
2377  5067
79  82
3690  5907
679  2292
916  3925
938  7885
5721  7027
4355  6297
2032  2036
144  147
4  8246
1554  7107
5406  6871
1989  4783
3417  4930
1414  4323
84  2533
698  706
180  2995
1729  4600
2949  5764
1526  1531
101  3604
1453  235
2840  381
3118  8202
3223  1839
289  1854
3005  1845
1339  4270
2829  3080
1504  2388
7655  8042
487  3761
5528  7857
1581  1588
2782  1049
384  7726
3020  5536
1363  1365
208  3070
889  1711
2957  2484
870  3418
1763  4453
2365  2572
1169  2519
7127  7778
1117  4049
2949  6006
7954  8230
2032  184
467  3415
80  525
1294  8068
279  1903
62  3366
1943  2061
281  286
3242  4309
2519  5146
485  3994
1895  4501
2552  2556
2660  4075
2064  2472
1059  5168
6513  7447
2377  3457
799  3780
2160  2705
52  2799
4604  6438
5088  7719
2488  5136
3128  4530
2739  4489
3584  2329
2049  2056
111  117
1671  6082
637  8040
7612  8708
2903  921
644  580
2789  3034
7928  8190
1782  2880
2817  6479
1890  2184
5477  6898
2684  2688
638  3660
1672  1961
8259  8411
3233  651
172  5846
3248  5655
437  8221
2722  5316
518  3487
1813  7720
27  1412
4796  7789
3139  5604
816  5773
1557  4990
1443  7628
4754  6516
541  1754
816  3679
2893  5440
333  2515
3729  5941
694  3689
1731  1736
51  1782
1731  689
492  3447
404  3334
5593  7328
1276  1277
5599  7079
1225  1231
20  2590
3000  3408
3428  8056
1935  869
21  11
596  2228
7926  8197
471  476
8448  8538
52  263
408  3345
7938  8207
2554  5169
1504  4416
2777  4460
545  546
1266  2063
1320  4780
163  8065
6567  7483
6852  7652
3822  5973
1105  4037
4298  1472
1120  3113
8559  8611
106  1788
261  679
2058  4830
777  5147
32  38
1988  570
2828  4253
68  220
565  5227
48  4183
394  390
2911  3470
655  2646
2606  4820
2886  673
372  2065
5200  6834
575  2653
2789  740
17  1608
220  210
1811  1812
7743  8102
5260  6821
333  3241
4132  6148
2103  2105
528  6863
879  1199
6226  7324
15  636
2988  6699
1293  4222
3149  7031
816  6512
4961  6646
1828  1119
7963  8226
822  3819
94  2851
6494  7489
988  6740
2583  1631
219  1045
644  514
157  167
3954  2476
179  2666
101  760
3614  5296
466  629
7907  8186
2960  7926
176  567
3216  5637
198  3029
3114  5589
2415  5093
3402  5238
1466  4392
191  3026
3126  5599
1564  5866
1601  4472
2762  8705
355  2087
109  4835
582  5247
5590  6951
39  6954
557  2450
214  3050
1621  4535
3878  5998
5583  6948
296  581
681  2378
977  979
72  2822
5870  7126
4624  6461
9  2739
296  8165
1757  4059
172  1942
2794  120
337  1521
274  3158
67  3094
7809  8135
2348  447
2972  5495
2911  7242
2988  7425
1104  4029
1226  1511
3225  6614
692  7239
3209  8067
2939  4042
2634  1191
131  1429
3  4627
1051  5307
2983  2018
1945  4766
3581  5845
2077  2441
1404  1409
557  490
2024  2026
816  6083
23  2771
3071  1020
2914  4749
2902  5449
3678  5899
8017  8262
333  2933
176  246
79  84
2661  7686
1288  1584
873  1342
916  3927
1241  1243
5721  7029
6101  7250
755  6719
6316  4694
1080  4035
323  1841
1632  4777
1990  2270
4560  6408
553  4289
1332  4256
8297  8437
2911  4343
1414  4325
3537  5034
99  6270
180  2997
698  708
2466  5124
4971  6652
7935  8206
2438  861
5545  6924
1414  3278
6689  7541
2749  5183
18  1851
816  3063
84  5100
2149  2155
7854  7988
300  1722
1581  1590
1320  997
327  4713
3207  5630
582  7154
2497  2501
4391  6319
26  291
1536  248
5166  8567
3700  5913
816  3076
322  326
4403  6329
2857  5409
1726  5448
7347  7904
4035  5115
841  4008
2160  4922
52  2801
637  1505
3155  986
5088  7721
637  458
1631  4514
2804  5374
2692  2689
21  6053
111  119
6714  7560
3904  5167
148  644
3950  6037
156  2979
1530  8259
2757  3986
1530  8030
1533  5561
3255  5660
1085  6862
7052  7740
6  2173
1557  670
956  3944
3881  6058
4144  4711
3333  5701
246  5245
241  4901
27  1414
816  5775
317  4896
112  3215
8064  8295
6961  7679
22  23
5794  7078
3572  5838
327  4271
3054  5912
4754  6518
8370  8486
2740  8462
1092  1630
1436  1440
720  8174
8534  8594
191  4383
358  359
553  3981
2583  5216
1542  5249
1731  1738
7193  7813
3268  8473
327  5331
4346  6292
297  6657
6479  7423
3053  5552
92  1529
1535  4428
1884  4582
351  2692
1851  8569
1890  1852
424  3399
2129  2134
336  3286
4544  6398
2744  6608
3126  4983
1720  4595
3887  7296
2801  204
2554  5171
4264  6236
1504  4418
1344  4200
1948  5132
826  827
3668  957
741  2180
3991  6077
558  5442
2848  4342
79  4690
79  6676
5543  6933
5362  6858
3519  1773
301  309
134  2118
1228  4146
506  4649
7551  8005
2201  3605
3703  5916
293  569
3307  5687
3126  3131
2787  5651
1885  7240
356  3254
1056  4685
1885  5964
5549  6926
5260  6823
767  3764
6226  7326
2771  1977
1293  4224
3349  3940
1205  4111
2999  8028
1545  4445
98  1804
26  238
297  7383
2880  4135
822  3821
94  2853
6158  7276
7046  7738
5178  6767
1320  2004
3116  5021
1536  545
1209  4122
7907  8188
11  7406
231  239
1724  7951
198  3031
2880  5424
3074  8444
2826  6356
505  2959
1868  4697
1466  4394
3214  5714
8067  8298
252  1466
1002  2718
766  5888
1050  1217
3365  7280
4719  6495
2888  710
879  517
313  1863
3898  8682
1713  4126
1182  8139
3878  6000
934  1392
354  817
7494  7968
3339  1750
1274  2480
7158  7790
6454  7408
327  2111
1225  7462
5  6032
3575  980
977  981
4624  6463
8595  8659
5988  7120
9  2741
3202  3623
7816  8140
293  3173
1189  1739
3971  6056
1250  7118
2972  5497
3314  4443
857  2168
1098  1099
5522  6916
916  3916
5620  6966
2640  678
143  2946
311  315
2933  4643
1231  4193
842  6367
663  6890
298  5745
1120  8297
1075  2633
1601  4140
815  1016
1152  4085
2755  2772
3214  3057
3678  5901
89  94
302  2602
8121  8321
4035  5909
2641  2606
5068  6695
3211  8357
3053  601
2652  2243
1294  6999
873  1344
3020  4359
2577  8256
2897  5457
7838  8154
352  854
7194  7823
2043  3855
7942  8211
2767  917
1335  4263
2437  2439
1016  1019
7669  8052
2808  6812
31  4596
499  500
565  4466
322  4745
169  1268
2746  4362
2739  3420
6228  7333
2823  4353
2669  4115
300  1724
790  797
1695  1694
6846  7611
4500  6372
2504  2506
1948  6489
733  7618
1363  1369
1557  2403
7279  7880
142  2949
947  3642
1372  2357
1695  1815
398  3319
2789  1039
4384  6318
6268  8142
4713  6493
403  401
816  3428
1045  1036
45  2090
1915  2124
266  4718
455  3422
1656  6559
1274  78
1631  4516
4993  6668
103  2216
3160  285
221  222
558  3550
76  3510
1052  7734
7024  7724
3851  7228
7575  8012
1842  2642
637  3964
2762  3285
485  2375
502  3739
35  4798
291  4724
1056  4298
2362  4748
27  1416
8108  8367
54  58
687  3677
766  3970
2810  185
112  3217
672  2322
22  25
3572  5840
246  3153
5812  7888
20  2810
8370  8488
1885  7684
3079  3463
635  3608
2963  5503
2801  1240
1237  1232
3463  5789
3907  5308
2346  5046
816  4851
336  1999
2808  1135
3396  5735
2214  2611
2831  7949
78  7073
327  5333
1120  2983
7725  8090
452  8711
8592  8658
6009  7476
1577  455
878  188
2280  1366
3192  4400
1535  4430
80  1147
1635  4782
188  192
1060  2336
3999  2399
2875  5632
1529  6049
471  480
13  834
3220  833
2554  5173
4264  6238
2762  3890
3128  3984
3692  4026
1564  1990
2176  7967
915  3796
545  550
3490  5797
1169  1168
2903  4805
7452  8173
3575  5841
112  439
6361  7382
254  3232
3597  3644
4880  6591
76  4128
124  2893
86  386
6354  7379
1228  4148
8540  8602
2839  5399
5915  7157
270  6101
146  144
4375  6311
32  42
818  951
3782  7194
2942  572
168  7221
2202  4963
2014  711
2604  3960
314  2845
4842  7359
2743  2843
3268  1496
356  3256
2816  7751
13  4351
1811  1816
7885  8684
2818  3367
6395  7393
2716  5305
5811  7113
1320  7362
8  1913
2965  3013
1205  4113
2970  876
1545  4447
6844  7606
39  6824
5032  7762
6073  7234
6494  7493
2848  4828
176  2665
7569  8010
2999  6983
3239  5652
114  2918
7581  8020
1077  7203
1648  3757
10  1814
283  3141
2762  3448
3242  4839
8660  8693
2495  5090
198  3033
2880  5426
1211  4170
1154  1155
1002  3996
634  3600
5338  6842
2999  1856
7240  7848
4710  6492
1885  5282
3537  5817
3215  7752
502  3565
99  408
157  1581
643  8156
411  414
4325  6277
383  3321
1250  2677
138  2507
354  819
7158  7792
776  4191
1570  8667
2222  2406
6180  7292
506  3283
1629  616
1310  4246
522  524
417  2164
2488  2417
5050  6694
2538  2534
1729  2136
2813  2473
2608  5222
88  124
679  2285
916  3918
2265  5004
1913  7262
1803  4650
466  6607
1008  245
3127  1478
3581  5849
565  1890
3391  5725
698  699
1152  4087
355  3743
2024  2030
4369  6309
31  384
506  1431
8014  8261
1056  1346
373  3302
89  96
3693  2239
2812  275
2488  1612
2488  3598
3071  6622
3405  5744
1744  8513
712  718
6907  7647
2747  1085
2382  2384
2734  1789
5251  6818
1154  6203
170  1374
144  153
99  2891
2915  6267
3214  2362
2751  157
266  264
6  3077
2912  4949
5637  6975
317  3235
40  217
2758  52
499  502
96  792
937  8541
4201  6186
426  1192
3097  3884
738  2181
1447  426
2957  383
2499  3440
551  3523
5623  4717
182  5117
2828  3615
1828  4669
1458  1460
314  2792
1117  3116
7469  8006
1564  7777
67  1380
2813  2031
170  2784
889  1717
1403  3924
370  2549
4038  4744
1457  4389
452  7048
2391  7182
777  200
2173  4973
2746  176
2663  4837
1424  4333
59  8672
2789  5363
2746  6713
1817  1820
455  3424
3641  7794
7976  8237
1775  1005
2749  3685
435  1459
133  2097
1879  7249
1874  489
2569  1539
3365  7337
3136  7285
3805  1378
94  1058
135  5260
2299  2294
298  2514
7  1813
2655  5376
1538  166
2871  3688
7463  6497
2850  4797
2893  5433
333  293
152  5614
2528  2531
27  1418
8355  8475
327  7537
22  27
35  5150
7084  7753
1545  2663
3395  7872
635  3610
2163  4927
2841  1607
2963  5505
5003  6674
992  7819
1905  7749
2829  3704
401  410
735  3733
420  423
647  3620
3851  7364
1928  6457
522  8055
7836  8152
2817  8016
37  658
3108  2301
247  3097
3416  3622
2960  1127
298  1601
2507  5760
170  2584
1447  118
424  3403
386  667
1117  3626
314  2713
3127  3640
7387  7925
3640  6605
1577  7933
2981  5508
2900  1611
5732  7735
6673  7535
3853  1236
656  649
3128  6430
826  831
2802  4459
545  552
2733  2373
7769  8111
80  2438
463  7838
1748  1749
3109  674
254  3234
7537  7990
2862  5412
837  845
4319  6260
2736  6993
556  1357
1184  660
289  3191
748  3742
4356  6300
3597  5982
1205  8303
3056  6567
6574  7505
3411  5748
157  160
2590  1583
6323  7371
115  2903
266  6748
2090  4909
3825  5967
2998  8669
2714  4709
716  3951
1008  6045
13  2259
2781  2669
1885  1888
951  3939
6844  7608
6863  7621
3041  4959
2936  5468
6494  7495
3211  3421
3811  4877
2935  5472
2634  4083
306  5894
3612  4933
4842  4570
114  2920
3223  5646
7562  8009
3907  1848
283  3143
2843  2392
816  1162
821  274
5591  6536
452  1868
1768  791
1002  3998
2881  1866
634  3602
2619  2620
8159  8349
8  1339
3138  2690
3855  5980
345  2681
5680  6995
2106  6155
5349  6895
2887  5444
411  416
6211  7304
205  2499
3543  8229
2751  3045
842  6008
329  3208
637  1109
816  357
731  7160
17  3387
3354  5711
7005  7700
3954  5181
1310  4248
170  74
92  2864
2893  4683
1155  4081
2631  1007
6974  7690
816  7015
7736  7747
4568  6400
2935  4801
806  3789
3339  949
679  2287
5147  6750
847  8516
3896  6007
663  1525
291  1653
215  3055
2350  5050
7264  7873
311  319
2257  163
3597  6613
4579  6414
556  352
3080  5569
698  701
1558  1559
18  2662
2758  4471
1648  1223
1436  7231
6152  7329
89  98
2838  3713
694  8314
3988  6067
1352  3561
4519  7689
284  3168
1298  5661
1561  6071
2923  1663
175  2888
565  5517
637  4868
68  281
317  3237
1917  1919
6851  7609
4201  6188
3079  5293
1417  778
389  1770
551  3525
982  3977
3367  4420
1458  1462
6265  7340
3156  2436
3603  5865
2753  3214
142  2953
4328  6269
94  1744
4492  6377
77  757
3022  6987
111  112
2173  4975
1457  1358
244  3085
2912  1113
1943  1251
638  3655
4798  6541
4014  2029
3048  8329
4056  4655
52  821
2789  5365
2901  2159
3436  3486
777  7907
6718  7564
78  7869
4295  6334
6074  7233
3160  4719
13  3495
1116  4074
221  226
23  241
3966  6051
8437  8533
6073  8701
916  229
388  1507
346  3496
3245  2440
14  2757
3625  5879
3127  5602
2893  5435
2244  4989
694  3684
733  4844
184  2387
72  897
631  632
3112  7953
99  5726
54  62
1943  4768
8355  8477
499  6828
465  599
1545  5927
3725  5938
3849  7694
5344  6848
2723  8114
3741  7343
2638  5266
7084  7755
1418  3836
1638  5825
1225  1226
321  8404
2794  3335
1056  2208
5178  6034
7619  8035
637  2224
437  3102
57  1420
506  3461
2173  1150
1051  1046
3021  2708
3045  1833
8303  8438
142  1464
3041  6558
921  3151
1946  6328
3374  5721
7491  7971
2817  8018
811  3693
565  779
3604  5890
247  3099
495  2935
6460  7416
1276  1285
2736  3599
8250  7915
2479  2482
1638  1637
1959  1958
3138  3121
1219  4134
2903  3978
558  1944
8221  8382
2488  2487
4883  6587
3004  5521
2763  5166
173  3005
3311  6432
1468  7763
3261  195
549  3521
2909  3419
32  33
20  733
8571  8616
4479  6359
6657  7529
8380  8496
545  554
52  621
755  3747
607  614
1988  686
2895  1390
2862  5414
1530  1528
40  2489
1504  2330
224  3064
2321  2323
6807  7594
6499  7441
2755  40
138  2014
1062  4348
3057  6794
637  2600
542  3531
8614  8676
3411  5750
3714  1321
637  5983
19  7102
2306  5024
9  35
454  4815
3718  4409
4972  6655
115  2905
32  5765
1319  540
231  232
7969  8241
7031  7729
8574  8617
4  3195
7798  8130
1533  5609
1557  7952
3019  7683
2933  5428
3246  5659
1147  1143
6494  7497
3545  4760
293  1985
850  856
60  471
225  5005
85  2221
4240  6224
112  2095
2938  7879
2002  2007
283  3145
76  7999
1051  738
1056  3068
1457  3412
1283  4242
1002  4000
2908  6660
8178  8364
1712  1652
1777  1781
2637  2639
1878  6788
247  1623
422  2149
3436  5769
557  1290
2069  2074
5988  4080
556  99
217  2390
578  3564
1832  1838
170  4264
1111  4064
3377  5310
663  5594
1895  1894
4990  6671
3128  7989
1707  4583
1648  3185
354  823
7494  7974
3605  8291
637  1111
1008  5713
532  536
2863  6378
645  8061
2957  5488
7797  8133
2214  1502
118  2882
80  146
1222  4137
2949  4580
1517  527
92  2866
159  1873
2760  5095
4195  6184
12  2348
1858  2254
499  2466
798  7229
4635  6456
426  3385
6974  7692
21  3336
4842  4948
2173  279
4568  6402
679  2289
8068  7670
675  5028
916  3922
2485  5277
76  3945
1059  7125
6301  4795
8214  8663
556  354
3080  5571
698  703
7609  8031
8290  8429
4952  6634
2932  425
2815  843
2362  4244
5056  6691
5409  8041
25  7255
505  7892
813  3807
42  254
2430  2429
83  4227
4835  8449
499  6091
566  7084
916  1949
3274  5679
1808  810
77  2840
760  655
2767  5353
