531  3986
1383  782
13  2074
480  722
2852  4350
621  617
1942  2853
11  4300
44  47
1958  582
2278  3970
2524  3208
769  2703
3281  4648
1944  418
4469  5308
873  2760
4  4297
1974  3744
1867  3618
4072  4854
1529  3330
2319  480
379  2373
3732  5688
1700  2165
2352  4040
1994  131
77  759
156  4021
2396  4083
3849  5226
2092  3857
196  2144
1546  1553
305  1498
2292  3329
683  6059
1273  3121
1240  2944
228  231
1534  4818
369  3095
1028  1748
1287  3140
1139  3013
325  2271
2226  2867
4638  5399
63  1978
1288  5472
859  865
1910  271
3470  4775
2546  4161
901  1276
2425  4100
280  4312
423  2405
2225  3931
2244  3944
2080  3055
2228  3936
3833  4948
158  2107
39  1890
1947  3428
1926  4308
2888  4396
169  2121
4551  5349
2026  6094
2131  1680
267  414
4107  5079
165  2123
4154  2387
1994  3782
1818  3556
1616  1621
2835  3351
1792  3540
491  4629
665  4516
1994  1688
686  2589
2051  3885
494  1372
1288  1876
1453  1455
1974  4833
2086  3842
978  2882
45  728
262  1251
1067  3634
1972  2279
289  3074
1524  3092
38  725
1287  4805
607  616
5987  6100
194  2140
2384  4071
863  1481
558  5571
2153  3909
4300  5204
411  3306
175  3066
8  1906
887  2777
1698  3450
208  210
356  2323
73  1971
472  1488
473  4830
2936  4412
49  338
131  2097
5343  5782
1903  3222
179  4999
1746  3504
4944  4730
159  4761
5171  5675
532  1330
3095  4526
703  165
2430  645
3863  5337
289  296
1930  3705
1898  4167
4434  5274
6139  6224
544  2508
1832  3584
644  645
810  6276
3222  4607
127  126
968  971
285  712
1193  5519
3225  4612
637  871
1984  2113
700  2617
2231  3939
1890  3646
4  2621
1914  2017
1337  693
1892  5907
6016  6130
754  1806
1915  6039
1440  3302
3394  4727
965  1208
875  4203
5073  5624
1888  1893
0  4
2823  4322
703  2635
202  4568
1389  1391
2149  4004
3  5792
3  3577
8  1706
2351  3172
2444  3363
1167  1170
1969  5241
2036  801
2364  4050
94  3587
23  5104
551  1288
7  141
203  5974
247  5263
1675  3424
226  2171
424  2415
7  5281
788  3631
127  4114
2014  3792
2461  2791
241  2186
922  2813
856  2459
2007  3789
243  2195
63  2530
5443  5826
49  2366
1317  4510
30  2087
2007  527
4004  5032
1675  3437
1625  1630
2583  5763
1444  5490
1001  2934
335  2319
249  855
2220  4139
1865  5897
2852  4352
1462  1464
2804  4311
44  49
4324  5215
65  1569
1376  3117
430  2421
55  63
75  1964
5727  5948
697  964
174  694
3373  4710
4536  5340
4  3373
1573  2705
962  2551
637  805
3658  4879
731  2655
751  3536
2143  1545
5291  5660
1700  3456
1896  133
1276  3128
228  233
2516  3224
3390  1802
1507  3411
31  2055
4638  5401
352  2864
3120  4543
2578  4223
1451  5990
852  2958
5  4217
60  1938
5509  5859
2114  2547
1343  3195
878  880
1191  1340
2362  4046
3470  4777
3029  5034
742  2682
1700  436
805  2738
4566  5353
2035  2375
123  2115
826  5012
2039  1033
3833  4950
1656  2729
305  587
2324  3538
8  485
634  6131
2721  959
1050  5026
496  1471
1394  1389
1896  1556
1946  3070
1564  4200
1994  3784
2269  3952
1955  1318
1616  1623
5  4472
2066  2088
665  2532
1365  3209
1194  5542
1836  579
5404  5805
4180  5128
1854  3602
1367  3218
1507  4726
4953  4068
3967  5020
786  2714
1940  3790
3  504
5887  6043
9  4456
1922  5318
5306  5768
5994  6105
4308  5205
64  5294
115  6279
1930  190
2153  3911
1286  1293
1987  5541
208  212
356  2325
305  3528
472  1490
5545  6292
1641  1642
6139  6213
263  269
4158  5099
4782  5488
341  862
5171  5677
3095  4528
2245  4092
1030  791
2112  2287
112  1160
1930  3707
3077  5827
6139  6226
136  470
392  2382
975  976
3893  2148
4557  5346
21  1917
968  973
14  6078
4255  5166
1987  5796
2193  3915
211  2162
6023  6135
2231  3941
469  471
1890  3648
1843  3307
96  411
1068  2493
3382  4719
2052  2892
1229  3084
181  189
1361  3240
907  2804
967  2855
1920  2709
3593  6070
821  2737
0  6
5177  5683
788  3499
5196  5696
1961  387
703  2637
5338  6045
6229  6253
86  194
1928  102
6050  6143
647  648
1947  3727
111  2065
145  5096
2070  3834
2364  4052
970  4684
494  2476
1675  3426
226  2173
1064  1057
3337  4679
1577  1578
1950  2089
3355  4696
922  2815
63  1364
248  326
29  962
8  1842
706  4624
3066  4714
3886  4978
3024  4461
846  847
1240  5847
2852  4354
4724  5444
1749  3509
331  337
864  837
965  2875
2285  3977
1240  4800
321  329
44  51
2351  1335
3557  4816
3281  4652
276  2249
264  697
4694  5430
2018  5740
1930  1655
75  1966
679  683
334  3129
1165  3057
2020  3571
1969  3754
133  2092
3715  4476
135  2101
3373  4712
4242  5161
353  5478
516  517
5291  5662
1700  3458
2003  3230
1273  3125
2059  3805
8  4433
2900  4384
228  235
2444  4104
1028  813
4902  5557
5831  6020
2288  3978
1419  1085
4058  5057
1947  3419
1767  1768
60  1940
5509  5861
63  1982
109  112
4073  5072
2362  4048
2088  3516
121  351
1194  4242
654  2571
5  4111
524  4676
2026  608
2377  4063
67  2222
3833  4952
78  6023
1842  908
3930  5006
353  4686
2304  2888
179  1352
3156  4565
1979  3771
253  254
5793  5983
3  3526
4973  5463
353  2821
1301  1348
263  1881
2269  3954
378  370
864  2744
520  490
3398  4744
1968  3733
2262  3951
1734  3566
4748  5466
4206  5146
127  909
667  2580
1854  3604
62  1194
1872  3621
4864  5533
2907  841
133  2831
950  2824
5294  5760
4857  5530
717  2293
3256  4637
73  1733
9  2243
110  2029
5  2501
5994  6107
882  2774
2112  5417
2060  4732
5325  3016
5987  6104
6006  6117
5007  5595
1787  5253
2420  3439
1698  3454
127  3258
3260  3601
73  1975
2046  6123
124  4421
5545  6294
5347  5784
1124  1125
3056  4481
6139  6215
377  1339
4158  5101
4516  5334
307  2263
416  2435
2798  4307
38  2260
3309  581
3095  4530
4  4598
2001  4407
1839  3591
868  1145
1833  1827
1831  963
6139  6228
645  2564
975  978
21  1919
1994  1371
9  4016
3846  5229
18  3341
637  875
122  658
6125  6185
1890  3650
3715  4894
2039  5170
5956  6083
725  1338
2003  494
1055  2970
907  2806
967  2857
2205  3109
5492  5841
8  421
527  2935
0  8
5177  5685
703  2639
1389  1395
4362  5243
693  1628
703  1821
1996  3766
614  1520
5  2193
6050  6145
1836  2730
554  4852
647  650
886  895
3599  4853
1947  3729
2241  3947
111  2067
754  4388
1929  4355
2070  3836
3  1487
151  153
4  665
7  145
494  2478
289  797
226  2175
2492  3421
3733  4910
3337  4681
2278  1627
1842  2494
218  220
6239  6259
5783  5979
6258  6272
4217  5144
177  6046
1089  944
2275  3958
5151  5658
1191  1076
2226  282
2058  6296
398  2379
1903  4207
29  2024
4724  5446
105  2019
1397  3288
1462  1468
2358  4723
1924  3219
637  796
1946  3732
3202  4590
846  152
4  4532
1926  5214
699  2613
127  172
1954  65
2358  4844
439  444
2773  4305
4230  5153
3380  4717
1950  1528
1969  3756
2001  261
2248  2353
135  2103
1033  1038
516  519
2023  5160
1971  769
4510  5328
5291  5664
279  283
127  2629
4633  5398
1699  3464
2900  4386
634  5880
1028  815
828  4662
1712  1713
3  1287
5  1885
5168  5678
2184  3923
1943  3716
136  2984
1934  1947
60  1942
2068  2664
1973  3595
550  1577
634  2968
1903  5980
7  2052
2557  5043
3  3515
3405  4736
996  4902
1400  3265
201  2160
478  482
5106  4934
1004  1760
1926  3496
152  726
2275  1435
1932  3018
253  256
5793  5985
767  2692
2220  6050
4  720
2068  3966
760  2689
825  832
5202  5702
864  2746
965  583
1975  742
1968  3735
3874  2460
4206  5148
5135  5648
2332  2965
1942  3719
2723  4284
4319  5210
62  1196
3615  4865
1872  3623
3200  4586
4654  5954
3  1784
852  2749
1019  2926
38  2007
4293  5194
5294  5762
3016  5179
1426  4970
2503  4136
8  852
49  3593
1992  2614
110  2031
762  496
120  3244
3  1676
718  1887
2093  3046
5171  3453
1585  1593
1925  2452
208  216
1648  1649
57  5645
270  276
2314  2678
5227  5721
6139  6217
1896  1118
1923  3695
4617  5388
5486  5837
2428  4096
3102  4535
1894  4391
416  2437
1434  1437
2798  4309
6241  6120
114  5024
3  992
636  639
2544  4163
1890  3639
1200  1206
2079  2114
3  174
868  1147
392  2386
3797  5891
975  980
21  1921
1903  3699
2906  2916
5  2879
1097  1091
1947  3247
6296  6298
61  1993
5  4276
211  2166
3715  4896
4837  5525
2039  5172
3699  4888
531  572
247  5014
703  1581
907  2808
5251  5744
610  2558
1310  5413
5406  5803
2543  3106
5492  5843
249  5962
2083  2596
424  4502
124  6196
0  10
5177  5687
762  67
127  3757
2133  3881
1948  5296
3594  4848
2904  4401
2663  3292
3147  1126
5200  5711
1947  3731
2494  4129
762  4739
194  1020
491  489
1562  1567
1675  3430
247  1068
1694  3443
1232  3089
3733  4912
121  1602
1332  997
96  5221
5206  5704
2852  4345
25  5277
1733  3492
6239  6261
284  2239
418  2468
3038  4471
5106  5244
1343  1765
2275  3960
1258  3118
3863  5264
3524  3583
55  56
264  5828
1547  3342
143  1337
4686  5422
3564  4823
952  954
1881  3632
1972  3750
280  790
1462  1470
2094  3861
1199  1999
251  1028
3100  4544
852  1891
5255  5730
2333  3096
3344  3894
77  996
6039  6162
1932  2644
1787  1243
4  1393
5224  5720
2244  2650
5775  6008
2007  199
4510  5330
859  860
5291  5666
144  4032
1699  3466
412  3029
4489  5392
4005  5050
2184  3925
7  3919
416  640
8  586
1573  2953
1850  5742
1669  3415
5788  5546
1786  1785
2116  3875
700  584
3033  3806
964  2845
2449  4694
1726  4070
1511  3135
353  368
3  2699
249  6138
2006  5063
359  2334
1400  3267
257  1303
756  758
162  4449
65  86
1364  348
2575  4173
197  205
1305  3151
4  830
559  823
1928  5759
3096  4518
124  2063
1674  1678
767  2694
978  2877
2639  1017
825  834
9  248
1936  3260
2275  2726
588  598
1842  1383
3677  2591
1923  5657
1942  3721
194  2135
4319  5212
1972  3563
4569  5360
725  724
1019  2928
2299  2911
5440  5818
145  1317
759  2708
3341  4685
110  2033
1842  1396
6139  6206
2300  1456
2260  4501
3003  4811
2887  4370
1928  5196
4154  5094
1366  3214
1896  1228
3095  4521
2171  3907
852  1717
270  278
1971  3738
424  6114
355  2308
1511  3982
6139  6219
4617  5390
1028  1798
162  866
1419  1131
2096  2578
1240  2068
2085  4109
636  641
1890  3641
665  1867
955  2838
399  405
8  520
2871  1756
868  1149
2043  3819
83  1633
960  4121
1846  3985
1459  3310
975  982
4183  5111
127  4793
345  4198
5821  6007
697  5589
1610  1614
469  477
1370  1373
3715  4898
2039  5174
573  2520
31  2237
1782  3532
3338  4682
1021  2158
314  310
3087  4511
1958  1250
5251  5746
5  4399
610  2560
1021  3326
348  2294
179  1290
4081  5076
2529  5159
1013  2913
63  5545
2554  4169
2055  3290
491  5497
3  3693
2497  4803
2003  3773
1836  627
3594  4850
2524  2721
1004  999
424  2410
1926  4721
5378  5800
2324  566
667  1350
338  2343
178  2125
1165  2795
249  4220
1711  5183
3070  3281
78  1894
243  2190
3100  3123
144  1430
151  157
1620  342
431  2426
563  2582
5528  5865
977  2865
3344  4688
1675  3432
3363  4701
4  2066
190  270
1232  3091
2087  3376
171  5855
2499  5535
2056  993
2852  4347
13  1253
1733  3494
2440  5305
1881  3392
418  2470
1896  1980
4891  5550
2743  4296
7  2606
3  2901
3867  4971
873  2757
2087  3847
826  430
110  4424
5315  5770
55  58
896  903
51  4783
1520  1521
1833  3967
570  6102
1361  710
363  3594
133  2085
952  956
1972  3752
955  2422
1438  3293
1535  2179
198  2150
1670  3572
620  2553
14  2743
881  2594
2761  4299
1424  3287
5708  5943
121  4303
852  846
1922  4695
7  754
2679  4903
165  1865
175  4539
2492  6016
6039  6164
1287  3137
2288  3971
325  2268
7  2861
2615  3053
5775  6010
1305  2898
6155  6231
4890  5553
279  287
3  4553
2615  4221
3  123
2088  3280
1317  5352
4338  5225
2474  5450
3317  4678
717  634
1787  3702
158  2104
23  3865
1669  3417
1767  1774
2116  3877
2888  4393
109  118
169  2118
230  6006
6071  6250
2157  3127
1952  1675
3514  4791
2201  2416
527  4980
2892  4219
3383  4722
353  5029
1040  2963
2377  1265
6114  6189
478  486
1620  2262
197  207
1194  5537
7  83
666  5152
3  2822
5197  5699
326  2280
412  5501
3096  4520
50  4102
253  260
767  2696
2090  5944
9  250
1223  5312
3  1896
15  967
4803  3422
2236  4951
5677  5935
1002  1408
994  995
194  2137
1670  1049
2678  2788
107  2663
3  4003
9  1310
4293  5198
2053  3675
8  5515
1999  406
2398  4087
144  680
5459  5833
4400  5260
1903  3327
3341  4687
77  6288
110  2035
2032  1522
2081  3858
6139  6208
2237  1402
131  2094
1870  1874
3  3077
1137  3006
1030  2651
4  4470
2146  5421
116  510
78  2204
3137  4547
5590  5885
5304  5299
2205  6001
1670  473
78  1157
3095  4523
2236  4038
289  293
3998  4704
1971  3740
6095  6178
355  2310
23  3557
6139  6221
3771  4927
247  3945
3222  4604
2506  4141
636  643
1890  3643
1821  1823
1260  1261
955  2840
4441  5287
3943  5010
2043  3821
181  184
1939  2946
412  4254
2336  2538
2036  4986
3326  4674
5941  6074
0  1
2500  660
1235  4183
1193  4711
1370  1375
5065  5622
4903  5560
531  576
2169  2253
886  888
1013  2915
2463  2592
4  1934
1993  5824
4369  5252
2039  4479
2253  3950
873  1336
2003  3775
5048  4005
1068  2972
15  3934
424  2412
2053  334
910  2800
178  2127
2789  6266
922  2810
3635  5499
710  3156
2709  4287
243  2192
5  2549
3981  5089
151  159
563  2584
1675  3434
4152  5092
1232  3093
2324  810
1517  1010
3301  5222
3612  4855
4  1021
4408  3742
2852  4349
92  87
331  332
3  4179
3066  1568
280  552
1751  3513
4596  5375
346  2303
1946  3725
2278  3969
2866  4368
87  93
873  2759
55  60
896  905
1382  5494
1520  1523
2361  4088
179  2018
3818  4936
2352  4039
2396  4082
355  968
224  4420
1846  6015
103  2329
1376  1370
1546  1552
1920  3685
2761  2086
209  2432
228  230
367  1557
2397  6239
1936  2646
1958  3159
2067  3102
351  1734
6039  6166
1287  3139
2288  3973
1139  3012
3310  4664
5497  5846
1950  2931
4723  5442
576  5235
63  1977
123  4206
2007  203
1688  4587
2112  3868
2425  4099
360  362
2035  386
703  701
6036  6137
2244  3943
2789  5729
2070  2595
2228  3935
1240  5292
1974  3530
3956  5017
2888  4395
6196  6247
169  2120
4551  5348
5096  5636
382  2349
179  2286
5957  6086
9  3043
2023  281
2091  681
478  488
2420  3071
5940  376
2939  3636
1535  1631
326  2282
1743  3502
1717  3486
717  73
1081  2979
9  252
200  3001
652  2573
3  1898
607  615
370  379
194  2139
1219  1344
4300  5203
3536  4807
2023  3798
4407  5265
334  843
73  1970
4400  5262
1361  1814
1877  1879
4583  5383
6139  6210
1278  5199
244  2202
1137  3008
54  4293
2069  2988
629  323
5238  5728
1633  1640
3  2032
1075  1083
532  1329
3095  4525
578  1445
4733  5448
2613  4256
617  619
3468  4770
3805  5853
1862  3799
5939  5896
1390  313
1928  5321
2398  5270
1930  3704
1969  2878
2093  958
6139  6223
2524  5840
898  1019
629  336
202  4204
212  4892
5907  6065
9  628
881  2772
127  4784
3  4260
1749  2996
4846  4170
1193  5518
668  678
3225  4611
2366  191
325  1507
700  2616
133  4720
1943  4932
1821  1825
1260  1263
955  2842
249  5834
3  180
6016  6129
868  1153
181  186
1361  3237
1039  2957
8  5893
10  2290
2017  3807
821  2734
350  2331
0  3
17  3619
2823  4321
503  5956
4739  5454
4903  5562
718  404
67  3332
76  6269
886  890
479  2458
164  1134
83  2000
3247  4625
4574  5363
1222  1226
123  3469
424  2414
127  4113
2654  2660
177  2887
34  135
4208  5134
2709  4289
2338  5056
1569  1576
977  2869
2016  1743
2  3192
1383  3227
1001  2933
2038  455
1063  2993
177  2900
2852  4351
1531  5727
965  2872
1462  1463
106  5585
346  2305
2388  4072
2524  5653
1913  3321
2288  2444
87  95
2024  3795
1637  3386
4469  5309
5  4900
1787  1115
5727  5947
1520  1525
3818  4938
922  1081
3  3026
722  2713
1531  1539
1594  1595
3  1161
264  2922
123  1751
4  339
1920  3687
1273  3122
228  232
508  515
5831  6017
1287  3141
762  3256
3690  4887
4438  5275
264  2225
576  5237
60  1937
249  4842
717  2732
870  988
2049  3814
1545  1837
2362  4045
2234  4799
1955  3398
2425  4101
57  3975
2225  3932
117  1811
113  5304
1441  3298
4  3856
1786  4235
201  2155
197  198
3999  2622
1920  1956
251  1868
382  2351
5  149
2076  2654
2081  5701
577  2526
5177  4930
1928  5644
1233  5082
825  827
522  3270
2086  2783
1040  2967
1133  3158
588  591
2285  2848
17  2761
2049  1854
2011  1333
3934  5889
326  2284
4180  5127
2134  3884
6110  6195
3967  5019
38  2002
1702  699
5887  6042
415  676
4124  5087
2391  4075
1415  3271
866  2763
7  558
5987  6101
194  2141
2716  5528
2055  3833
1026  2937
2761  1780
127  3255
4  4353
141  1847
1820  3562
6139  6212
263  268
250  1726
2170  3796
2596  1689
127  343
5171  5676
3887  4985
1896  3678
3095  4527
8  5532
177  874
3468  4772
75  3078
1181  1188
1200  1201
1048  844
869  1367
6139  6225
21  1916
2139  4459
3222  4608
2038  886
1193  5520
3225  4613
1267  1268
520  516
2991  4446
700  2618
2193  3914
211  2161
450  457
510  508
3619  3197
2091  3866
1150  868
251  513
717  6170
249  3850
181  188
1361  3239
5251  5739
2897  4380
2017  3809
3061  4488
821  2736
1836  2485
2199  322
438  2446
1786  2075
0  5
127  3981
2823  4323
1162  1164
1752  2198
1389  1392
655  2565
2315  4001
200  709
1956  4593
132  2231
3571  4832
3590  4845
4458  5298
2001  2794
1787  1788
2248  5115
3228  4614
64  1952
734  2686
250  4330
494  2475
846  1880
1675  3425
3  3820
8  4164
5292  5766
2014  3793
3086  4507
4208  5136
243  2196
4415  5614
982  3030
4935  5586
665  2599
31  741
4986  5588
2486  691
3781  4924
3886  4977
121  2886
346  1018
1383  3229
2859  4356
5565  5874
3619  3815
1367  3406
965  2874
2221  2500
4492  5322
629  1427
321  328
1644  3162
346  2307
1922  4567
2388  4074
5  3734
87  97
1637  3388
8  4419
75  1965
5727  5949
448  2439
1021  1843
439  441
2617  1803
2333  4030
2870  1754
1961  2172
1090  3111
4  449
21  1850
4892  3054
6039  6157
1947  3405
135  2100
4536  5341
9  1732
1974  3050
1033  1035
731  2656
127  3673
144  3088
3998  1730
152  2683
1917  3684
4282  4414
228  234
2244  2995
4902  5556
5831  6019
1780  3534
264  2227
484  2496
1317  1036
302  2519
902  2780
1141  3025
198  412
576  5239
109  111
367  635
2049  3816
5  5386
2362  4047
3  2465
1400  3262
201  2157
15  718
478  479
4  3040
197  200
3930  5005
1989  1792
559  818
3156  4564
2115  3365
1917  1845
2269  3953
218  380
825  829
1941  3599
1956  4890
349  2297
588  593
4748  5465
1219  2153
5312  5278
667  2579
1460  1461
870  198
1067  2698
1872  3620
127  2076
3244  4626
725  719
2086  3845
253  6093
1240  1579
1081  2983
5994  6106
1787  5131
2391  4077
145  265
866  2765
6139  6201
1492  1241
2524  3374
4117  5086
5987  6103
3371  4707
415  799
49  2893
2023  998
2172  2555
491  6163
73  1974
270  273
6139  6214
2075  1575
1118  2999
3  1097
2069  5207
5940  6004
193  2389
416  2434
3887  4987
580  2542
3095  4529
617  623
1181  1190
1862  3803
399  400
4540  5259
2892  2628
4146  5103
2205  5310
411  410
3831  4947
2530  2626
975  977
3060  3609
21  1918
1267  1270
2464  2982
700  2620
211  2163
1988  2464
6023  6136
264  1235
1587  4106
5626  5911
249  6067
586  2454
1300  4012
818  1794
5956  6082
754  2038
1229  3085
5251  5741
2017  3811
962  6124
9  4257
1535  2724
0  7
5177  5684
1459  1453
89  1476
1162  1166
1022  4081
655  2567
4567  5351
5  4636
226  1114
5285  5752
2871  4342
2248  5117
1947  3728
3228  4616
4847  5526
1194  229
15  786
2721  4290
9  3452
5366  5798
1675  3427
1171  1413
226  2174
1987  5584
1404  3277
122  4416
2646  4237
3086  4509
211  1721
6258  6271
4  1135
81  335
1894  3033
121  5332
816  5628
3765  4918
144  1559
1382  5487
5565  5876
69  1385
2080  3839
2204  1165
2295  1512
4724  5445
381  4360
4689  5424
3190  4579
965  2876
5  2797
157  6049
191  2371
1901  955
1424  3282
3428  4757
2773  4304
3380  4716
5250  5733
6039  6159
1923  835
703  1620
3373  4713
251  1267
15  4666
2017  1638
81  1987
4633  5397
1699  3463
2900  4385
4902  5558
8  5831
2351  4035
1767  1769
2524  3926
1476  3017
60  1941
693  2608
4449  5293
2259  1184
2362  4049
1326  3194
3149  4550
1974  2368
821  928
3152  4555
5373  5799
1400  3264
1275  1283
731  1156
201  2159
8  3979
1842  3582
1940  1673
197  202
2237  3357
17  766
1412  4937
350  4847
2024  1034
9  124
1287  2690
5793  5984
767  2691
3  1541
4068  5062
4846  5881
424  1534
2269  3955
825  831
864  2745
588  595
522  4442
2375  4058
5759  5969
2005  5464
2984  6273
520  3056
1872  3622
424  5977
852  2748
5982  6098
3528  4801
1799  1804
23  385
110  2030
2391  4079
211  621
2091  2326
718  1886
6139  6203
764  770
5941  3249
122  1451
3934  5088
1097  606
1945  178
2201  2090
3364  4706
4010  5046
787  794
811  1151
270  275
725  1084
33  39
107  4189
5578  5883
6139  6216
2376  522
4332  5218
438  5457
1911  422
3273  4645
4617  5387
307  2264
23  2505
193  2391
1067  969
2808  4316
3  4482
416  2436
1845  3451
668  671
5  2047
3095  4531
6004  6112
617  625
1219  1713
3039  4599
554  4477
399  402
762  979
2026  1698
715  638
4825  5514
6296  6297
23  1700
1984  361
179  4428
1610  1611
469  474
3715  4895
6108  6182
144  125
211  3333
2360  1062
3321  4675
1143  1852
5251  5743
2059  5500
249  2807
5171  795
2015  734
989  4768
1354  3203
412  3215
2554  4166
0  9
5177  5686
63  4724
2702  4266
1582  1791
5753  5967
184  5135
1956  2611
1794  1795
3235  4621
1626  3379
1653  1563
1947  3730
1988  3768
2485  2588
127  4227
2460  2531
3747  4917
703  5326
151  154
2653  5289
7  146
4944  5582
3066  1671
5213  5706
283  1892
2612  3423
5187  5690
2267  1439
2050  458
4768  5477
2163  2550
1733  3491
6239  6260
1683  1684
284  2238
418  2467
4596  5370
1460  5961
87  88
1996  2265
8  2424
2050  1747
2504  4132
5565  5878
179  4228
2080  3841
2366  5366
1915  475
1972  3749
1531  1532
3344  4230
1644  3395
4  5809
164  577
136  4945
2094  3860
198  2147
27  1511
2201  3205
2875  3378
4207  4231
3  1046
2031  5093
345  2961
3380  4718
6039  6161
2944  4538
327  2274
4510  5329
1750  3511
81  1989
1419  1425
3  120
32  821
1021  2318
4005  5049
5168  5679
5272  5736
4730  5453
387  1399
176  398
1915  6099
1669  3414
1767  1771
160  2110
693  2610
904  2793
6279  6011
109  115
964  2844
4449  5295
5257  5734
873  2433
1604  4638
68  4628
1511  5578
6089  6237
3405  4737
3171  4570
257  1302
1275  1285
1207  3073
1126  3148
197  204
559  822
1787  4062
3726  4913
326  2277
3096  4517
115  5211
3010  4450
3865  4964
748  1862
4738  5303
2269  3957
2666  5808
1219  1218
586  551
283  779
658  656
825  833
551  2516
864  2747
1946  2486
5  505
1481  1632
588  597
3962  5018
5572  5879
370  374
958  4974
127  3356
8  961
107  4875
1466  3202
2524  103
2381  1515
4388  5247
962  2356
3066  5001
3174  4571
5021  5604
611  2543
4228  5150
219  218
6139  6205
7  2779
764  772
244  2197
2887  4369
125  5925
4282  4339
1075  1078
353  3537
145  390
1896  1227
127  1504
3805  5848
1255  3116
262  2897
898  6262
270  277
443  4635
1971  3737
2530  1220
33  41
6139  6218
1538  5804
2384  2563
1544  3340
1064  5921
3273  4647
3225  3438
4966  6031
1679  4733
1703  889
3169  1328
39  1926
416  2438
668  673
427  1284
955  2837
29  1625
1920  1533
868  1148
1924  3867
162  168
893  5113
1994  664
4253  5169
962  867
5075  5627
5944  6076
1610  1613
2172  828
5608  5898
23  2870
1936  3998
3715  4897
907  2099
122  2058
3699  4889
1245  2360
531  573
1728  2773
5251  5745
2292  3983
1013  2912
140  4973
2554  4168
3  1477
132  130
2702  4268
3594  4849
2361  2662
2254  2536
1626  3381
2133  3185
5285  5756
243  2189
175  5209
703  898
5528  5864
1376  3098
1864  1869
1232  3090
2343  3301
1338  1530
1996  3193
1958  686
2125  863
3045  4475
2852  4346
3881  4976
1733  3493
2314  2950
284  2240
418  2469
1287  1834
330  3524
2451  4123
49  3999
87  90
64  106
1191  1079
4693  5426
2504  4134
1910  1180
98  104
1956  6251
1651  3400
125  503
3285  5638
813  1254
324  568
1294  1298
1308  3182
265  3371
198  2149
1030  2945
1656  1650
5029  5617
2761  4298
2205  4080
209  2429
489  497
7  753
3067  4489
121  3484
4  2670
2337  2923
129  864
870  4245
1713  3473
2088  5373
2055  3210
1533  1822
2314  4373
2254  4093
346  340
327  2276
1716  1714
6155  6230
1067  3254
81  1991
279  286
1699  3467
983  6229
1004  2905
48  5197
2689  5603
5788  5655
533  2502
3  3505
8  3849
1264  1260
2112  2818
128  2453
997  2902
466  2448
1787  3701
1669  3416
2116  3876
109  117
17  528
789  5703
156  1589
1050  1048
382  2346
359  2335
1400  3268
1749  1207
1108  1110
700  1056
1207  3075
2351  1248
197  206
5695  5975
3066  4640
559  824
2167  2070
5197  5698
3096  4519
7  3465
1787  802
3700  4899
940  5067
56  5572
3865  4966
1692  1696
1854  1731
551  2518
938  941
1223  5311
3  1895
1994  2384
32  3535
2055  3828
3536  4804
2049  3259
3  4002
5653  5927
1028  2941
852  2752
1700  2324
4381  5246
2942  4415
6266  6275
111  1670
3893  732
6139  6207
1982  1111
1137  3005
2498  4145
1922  3689
17  4408
2887  4371
2205  6000
94  2376
440  2784
1243  3108
4154  5095
1669  3216
14  3844
3095  4522
717  554
3805  5850
264  986
2351  2792
1181  1183
1411  1416
1376  2590
27  521
8  279
1534  5916
1561  1360
5941  1509
3771  4926
133  4596
2049  1299
39  1928
3222  4603
668  675
3  5654
6004  6116
1540  1543
1968  4693
89  4381
181  183
129  6180
24  236
1900  4680
4183  5112
813  3550
350  2328
1344  3186
3326  4673
5941  6073
5  4279
122  2060
5065  5621
4903  5559
998  2899
3087  4512
1598  4880
144  5498
20  1002
3295  4663
3147  4270
478  3802
2102  2841
1842  2244
56  4338
479  2455
1476  3318
1923  2317
1766  2370
3441  4838
3594  4851
5  1259
1675  3420
1021  415
996  1819
158  1474
1402  3261
5102  5637
145  2178
4189  5118
719  723
999  1006
353  6264
45  3933
243  2191
215  2358
4932  5576
39  1378
2907  4392
8  3233
21  1711
1117  1119
2181  3204
1740  3498
1063  2990
266  1663
2852  4348
4891  5551
2091  2385
4596  5374
346  2302
762  6152
63  1950
1535  3335
446  439
2087  3848
2326  4130
430  2417
3  2084
5754  6047
1917  2619
3178  4575
1547  3345
179  31
1688  3284
2524  1341
127  1561
531  5623
75  1142
1651  3402
121  1029
2  3552
1438  3294
1749  2927
1021  4403
3846  5155
1836  3569
198  2151
707  1503
736  743
1030  2947
584  3355
209  2431
1487  5788
508  512
4778  5485
5831  6014
4800  5503
3067  4491
124  751
4463  5100
5497  5845
2288  3972
127  756
6099  6179
3690  4884
1138  3015
3218  6057
43  4734
230  4826
127  3910
1932  1829
1940  5625
1971  774
31  2630
1968  2425
3573  4834
533  2504
385  2340
1604  1596
2524  2764
466  2450
3956  5016
365  3041
1669  3418
2116  3878
3358  3606
2524  3114
1287  1286
5  1193
5096  5635
725  1519
133  3859
2086  2659
6293  6300
2614  4212
5957  6085
67  472
1090  4771
359  2337
4402  5345
9  238
962  3273
2156  5468
1108  1112
6114  6190
11  18
1972  170
686  2587
4  4445
2552  1654
2195  1087
141  4864
503  1015
1081  2978
2765  5037
9  251
1466  3314
652  2572
872  2575
3  1897
2014  3038
2055  3830
2001  2281
8  4577
2823  2884
8  147
111  5981
5653  5929
28  3997
176  2885
1820  3559
505  5504
6139  6209
1137  3007
2498  4147
5629  4646
2599  4199
1403  1406
1922  3691
1466  1462
1633  1639
2223  1175
2279  3965
255  3235
2048  1817
1337  1725
1366  3217
3095  4524
3805  5852
617  618
3337  4286
92  2719
1522  1249
1181  1185
534  620
2332  2515
2044  5495
3210  4595
3771  4928
2909  3206
250  4180
5907  6064
881  2771
363  5060
2334  4143
3222  4605
668  677
1939  840
450  454
2068  3879
399  408
870  4194
1097  1204
2201  244
1022  1030
181  185
1041  1043
2897  4377
117  6293
65  5608
350  2330
176  228
5941  6075
0  2
65  360
1923  4292
1923  91
1217  3083
1703  3471
122  2062
4903  5561
32  3337
2399  730
2347  540
3087  4514
31  3637
1517  3200
472  347
251  873
479  2457
64  1949
929  936
1476  3320
4574  5362
2053  3826
3441  4840
2952  3629
1670  1321
1068  2973
2201  2943
2080  2653
1323  3199
910  2801
179  5965
4208  5133
999  1008
283  838
2709  4288
2048  2327
1846  392
1204  3103
588  4857
386  2363
1117  1121
537  546
176  2001
2304  1327
3859  4962
1728  5597
331  333
1172  1178
522  544
176  2122
1742  1745
2015  5775
3037  4480
346  2304
1228  4907
3521  4795
87  94
2024  3794
1896  2333
2376  1738
430  2419
2485  4125
5003  5592
4420  5271
98  108
1011  3044
975  906
2201  3319
945  4410
2614  3488
138  446
1531  1538
2069  2116
2201  4487
736  745
2267  1808
777  783
2181  307
5404  5764
1920  3686
23  3963
3519  4883
508  514
284  1789
5483  4781
697  2601
5  3276
43  3568
2288  3974
2761  222
144  173
3690  4886
2693  5191
693  2603
1160  4469
7  2046
2992  4440
190  181
2001  3772
3  5724
385  2342
2693  4265
31  2524
127  5201
813  1742
201  2154
2035  2952
964  2850
6196  6248
2050  1661
2614  4214
577  2525
56  4745
5417  5813
250  1349
23  138
2443  4746
1982  4122
588  590
6114  6192
111  1419
5410  5810
38  4095
310  316
326  2283
4180  5126
1946  2600
2300  388
126  2077
5  5988
718  942
1081  2980
1466  3316
652  2574
1786  2503
1956  5129
3  1899
1276  3155
6139  6198
764  765
2300  1677
440  1607
5847  6026
2055  3832
1050  1536
2237  2789
776  775
2761  2008
4407  5266
2569  2740
1157  4264
1913  571
2221  2673
1820  3561
3616  4858
2630  2612
2086  4434
33  34
6139  6211
4788  5493
531  5680
288  2246
2237  816
4721  5439
144  4187
4  1669
3887  4984
580  2539
1896  3677
1337  1727
2011  4152
1181  1187
1862  3800
2262  2687
4149  5105
3  3551
3210  4597
2214  431
572  3479
2391  478
5716  5946
1454  3308
1947  208
955  2843
2948  4425
1022  1032
181  187
1041  1045
1361  3238
5251  5738
2897  4379
1670  4222
252  2053
2017  3808
5  1129
438  2445
128  5895
1917  3052
3703  4893
5177  5681
560  570
4739  5455
71  1870
2296  3987
219  5151
2299  3992
363  4378
3  1591
3571  4831
4043  5055
27  901
2248  5114
3337  3617
3846  5938
64  1951
7  3403
1476  3322
3246  4630
2050  3823
734  2685
2248  4067
4574  5364
1814  3546
3865  4904
21  1702
1946  440
1323  3201
1721  3476
152  1138
4360  5233
4940  5579
972  2863
1404  3274
3086  4506
3332  1529
664  5901
127  1431
8  5452
3781  4923
5794  5989
4154  4202
3011  4453
6039  6022
426  717
1063  2994
4603  5381
5884  6040
2145  3901
4577  5365
346  2306
3127  4641
87  96
276  2247
1637  3387
248  916
1930  1882
3519  4872
165  4301
3738  4916
1090  3110
3903  4983
341  3480
1301  5508
1843  3576
2939  4418
6282  6291
1989  2354
2524  1466
777  785
1917  3683
81  1984
1419  1420
7  5418
411  5013
1780  3533
2237  3220
908  2786
1952  5976
264  2226
1556  1546
484  2495
693  2605
906  912
109  110
2049  2768
1441  3299
4833  5522
1275  1280
201  2156
1548  3361
82  2693
4662  5411
1917  2181
131  1831
367  6245
1831  5820
823  5707
3719  4905
431  487
577  2527
1199  4008
2148  3891
1685  1686
7  3579
1108  1116
349  2296
2398  3019
588  592
1511  1506
351  356
1994  2377
1240  5887
1582  3372
491  3813
2080  2602
31  3010
251  1064
2360  4053
1945  5531
213  6141
2486  4128
1276  3157
1067  4215
6139  6200
764  767
6102  6281
5847  6028
2309  2667
2653  4426
3  36
58  1958
5529  5867
4407  5268
2022  2344
116  5053
1910  2288
1922  1359
270  272
3616  4860
3635  4873
5207  5708
33  36
907  2778
2424  1691
1118  2998
1097  4107
1403  1410
353  391
193  2388
1084  5565
4721  5441
2360  925
5675  5934
3206  4588
1896  3679
580  2541
3284  4656
617  622
1181  1189
520  3658
1337  911
1337  682
280  1202
162  163
285  2219
3831  4946
5788  4885
3358  4699
440  5476
4881  5672
1711  2707
1591  3810
5531  5902
1923  82
5626  5910
218  300
144  122
2948  4427
179  345
1041  1047
1918  4060
2852  2918
635  746
655  2566
2530  4156
4567  5350
2299  3994
442  5656
296  1172
1495  1496
76  85
2068  4246
2248  5116
3228  4615
3246  4632
2050  3825
1814  3548
2345  3184
5  1494
4  4275
175  5325
32  321
2463  4115
5625  5913
2903  4387
129  1651
571  2521
2646  4236
1890  3664
1670  1217
4  195
411  1256
982  3031
1976  1637
541  2534
3781  4925
5794  5991
3866  4969
14  509
1524  4667
1001  5380
1987  227
896  897
2869  5045
2231  2802
5565  5875
98  99
1050  3700
2376  4065
1199  5486
2145  3903
8  327
3509  5755
949  2830
3607  4866
5037  5611
967  669
4244  5157
248  918
17  2254
3428  4756
252  808
489  492
558  5052
448  2440
2267  6121
1898  3514
1984  3554
6039  6158
290  5651
81  1986
1419  1422
4908  5564
2821  4320
411  5015
5897  6051
1945  1653
264  2228
5040  5612
5  247
250  51
4725  5456
17  4953
1541  3347
79  2569
3  1527
3149  4549
852  2492
1337  1221
3152  4554
3  2695
1400  3263
412  1173
229  2220
1275  1282
1842  3581
2201  3928
197  201
112  2049
250  64
4766  5470
559  819
1923  3654
606  2557
1941  3708
1402  1444
1945  151
4068  5061
2614  4218
5850  6194
208  4389
127  1246
2164  2669
588  594
264  1665
2375  4057
5759  5968
9  1412
1287  6193
2254  3767
351  358
310  320
3998  3625
3232  4617
433  1824
4  1418
3244  4627
1506  1514
5110  5643
2360  4055
5982  6097
4  371
4735  5473
5645  5923
2102  2218
2007  3149
3524  4802
6139  6202
2639  3362
534  2936
5847  6030
4  263
1050  1540
3371  4708
1940  4492
3179  1505
2201  4533
299  2251
2035  299
21  2014
787  793
2156  5958
270  274
3616  4862
2778  3497
168  226
1973  3743
2331  5437
4332  5217
144  3023
121  1319
128  2261
4892  5554
193  2390
614  2420
20  1910
39  1923
2084  1746
2411  4090
668  670
129  2082
2322  4018
1025  5108
390  396
617  624
104  2025
2325  4023
399  401
162  165
1022  1023
248  4140
2500  533
2102  3870
1940  5794
2678  3279
568  560
1670  3166
4825  5513
1328  3173
3169  2735
2887  1588
3912  4994
5653  5601
1198  3063
3369  4715
547  1790
1920  1772
1916  81
257  1233
1844  3588
1383  2964
1669  325
4062  5059
4502  5331
4746  5462
635  748
1005  2910
2927  5780
3223  4610
2086  2720
852  3607
5276  5748
821  1224
1557  1558
4458  5301
3  4160
38  2168
3350  4691
4944  5581
536  1132
976  3390
1098  1101
537  539
5213  5705
2607  1092
17  3169
1404  3278
127  3529
5187  5689
1890  3666
2222  4176
176  947
2314  5162
267  2233
1923  1749
3765  4919
896  899
2205  1849
2504  4131
5565  5877
2254  3956
1361  706
1926  3107
2622  3076
2524  289
8  2544
2145  3905
949  2832
2093  1234
1294  1295
736  738
389  2357
62  1962
38  1376
248  920
191  2372
222  1685
127  401
852  5272
6039  6160
5  3269
1951  3113
38  450
2944  4537
327  2273
5163  5671
3296  4659
2828  4325
1511  3228
1750  3510
1915  2823
81  1988
1419  1424
2420  1763
5  128
533  2499
5897  6053
138  2091
1669  3413
160  2109
5  249
693  2609
4896  5569
3243  6243
412  5484
410  419
5241  5725
86  5957
704  2623
5361  5790
108  2040
4822  5512
2358  4281
3147  240
2071  1484
92  4432
4203  5130
2831  4326
1207  3072
11  13
2201  1944
92  4324
4  4211
1941  3710
1444  1443
4078  5071
2748  1066
86  5970
6049  6140
1749  2722
2666  4868
5171  5642
3865  4963
1692  1693
1198  1158
6061  6150
2148  3895
9  246
31  1954
5  4705
588  596
2375  4059
9  1414
102  1605
5657  5922
370  373
1922  61
92  4566
1097  1641
68  1957
2229  972
1973  4658
2281  344
5548  5871
1805  1812
4948  5583
2868  1080
61  907
4  144
5277  5758
4735  5475
1691  3669
5432  5817
6139  6204
740  1609
1896  1334
1087  5854
1956  2102
736  443
2662  4250
1633  1634
820  2248
102  1968
2870  4364
2635  4238
4010  5047
637  4463
962  1779
2156  5960
960  952
125  2073
264  4137
2318  4009
1377  3226
33  40
898  5443
2037  5716
3  3544
4332  5219
145  3893
39  1925
2237  6191
241  5523
2359  1687
668  672
995  3016
1591  3801
2322  4020
6004  6113
2325  4025
399  403
127  698
144  113
2043  3817
1022  1025
1022  3011
208  5238
2102  3872
4183  5109
1896  771
127  3034
1137  4654
665  1397
1205  3068
2695  1878
5615  5900
2279  3397
1303  2593
695  1690
122  2057
1027  2954
8  989
3568  3614
491  3846
1566  3353
21  2392
1752  2311
1758  3523
2203  1429
38  760
5941  2111
2702  4267
1967  1832
3  2873
774  764
5385  5801
255  6063
5651  5920
31  3874
198  604
5254  5732
2732  4294
2219  5695
1333  5602
813  5078
5644  5917
527  4455
3235  4622
714  2332
1557  1560
129  2581
1390  2322
572  4319
4932  5573
513  5432
38  2170
1163  4494
5528  5863
2127  750
127  377
3033  4464
1063  2987
3776  4922
3881  4975
1890  3668
548  555
422  2402
4539  5884
2337  452
2314  5164
1466  1162
2916  5003
5763  5972
3337  1061
4596  5371
2562  4182
4285  5186
1922  1526
325  2361
115  3305
2504  4133
2337  1741
1466  2680
3178  4572
1651  3399
1511  881
2077  3507
113  2828
1438  3291
629  1432
949  2834
1308  3181
5  4197
2663  4247
1942  2272
144  1094
135  1274
389  2359
3660  4881
248  922
898  5619
3931  5051
4151  5091
6169  6235
3129  4548
1713  3472
437  4362
1287  331
846  854
3296  4661
1750  3512
127  2860
335  1052
252  4208
2475  654
129  5306
5272  5737
3095  1796
466  2447
962  3257
835  4650
6012  6126
2681  1109
155  3615
1903  2949
1466  2948
2394  6155
2524  3232
1999  2364
767  1863
4631  5394
1940  5167
5  264
1701  3838
4944  4578
1589  3368
2831  4328
11  4216
11  15
1983  5924
1941  3712
122  1428
6049  6142
22  29
89  1776
1957  1441
66  72
3010  4451
3865  4965
1707  3481
133  5616
2375  4061
3849  2338
370  375
614  1001
60  1610
909  4790
9  369
5  856
1028  2940
2048  1801
2314  4172
1968  1054
4216  5141
2464  4116
3715  429
1557  931
6266  6274
247  776
1317  3164
764  773
193  2381
1922  3688
3998  5039
108  324
527  2671
1896  3672
3991  5036
3805  5849
1955  4252
1181  1182
962  1781
5318  5774
1382  5787
2318  4011
2356  4037
33  42
1524  3921
15  631
39  1927
668  674
1827  1828
249  4891
1930  3003
6004  6115
2974  4436
7  2096
1412  4740
2195  3917
491  5821
162  169
1022  1027
181  182
1591  1709
252  62
9  3081
162  5538
1948  3178
2500  4149
2017  5200
3462  4762
174  3791
2452  4108
626  5120
335  4153
560  565
50  2974
148  1294
1703  3468
122  2059
5  1245
2087  3350
1509  1387
1942  2932
1937  4574
1154  1159
216  647
823  1325
804  817
2292  3984
1758  3525
2690  4259
64  1946
246  1694
1476  3317
2881  5961
2702  4269
4057  5069
3981  6242
3160  4558
351  1343
1956  5058
2218  5509
309  2285
778  777
62  1361
3270  6244
4932  5575
1752  690
1163  4496
65  2009
335  3590
42  3045
2279  2607
1098  1105
2789  1366
537  543
836  839
1850  3598
253  3120
4587  5368
1591  341
2050  4073
138  1598
365  4758
389  951
346  2301
2562  4184
2803  4310
4285  5188
2181  291
914  5202
1535  3334
5  924
4693  5427
2504  4135
98  105
2358  6232
1651  3401
2397  2962
5538  5869
1996  1571
1308  3183
325  1666
31  1219
2663  4249
777  780
2014  3574
59  500
852  136
499  506
2596  4195
5  937
209  2430
665  1212
1900  1230
489  498
508  511
252  2211
2946  4429
697  2598
5167  5673
8  2790
1219  5154
1701  2188
1713  3474
345  5529
3207  4591
1946  1174
4356  5323
3  2796
5901  6055
4  6175
49  1222
5  132
385  2339
1981  3760
145  2098
57  6186
2693  4262
1910  2833
1973  2889
276  1800
4  1866
191  1692
125  5539
809  6171
458  464
3710  4959
2903  3146
864  859
1281  3133
5957  6084
4650  5409
731  3605
528  536
863  2741
89  1657
57  4334
2826  4336
66  74
1707  3483
3009  4457
4967  5587
5113  5641
108  3225
39  614
4180  1272
4  2350
1466  3313
2223  1269
1237  1238
3838  4955
1861  1856
9  6077
2228  2552
3542  4812
56  2890
2055  3829
222  5811
2  2546
117  547
1459  1179
1901  2278
3  1199
2826  5517
2464  4118
612  5858
2269  3613
92  1658
2841  5007
244  2200
3234  4709
1403  1405
3627  4869
1246  3407
3169  1547
1942  1390
146  5048
3998  5041
2279  3964
2049  2684
3805  5851
2172  3020
121  1433
962  1783
2594  5372
2318  4013
680  1841
1287  38
3191  4581
3210  4594
1916  1229
3440  5285
2399  4086
1958  2394
946  5343
1579  1580
180  2134
2329  4027
2079  3852
1827  1830
3  1454
6279  6285
424  3433
4424  5283
162  171
1041  1042
3654  4584
804  806
5537  5540
2500  4151
2593  932
3900  4990
438  456
6093  6172
527  1171
554  1799
1994  788
3337  4769
560  567
2125  5149
989  2895
1703  3470
122  2061
38  3087
881  2315
5067  5631
1703  2423
156  5028
3992  6282
16  66
76  2295
76  80
2690  4261
929  935
3160  4560
1067  2976
1636  1672
263  1232
3074  4493
4196  5122
1022  2681
1466  214
2634  5389
576  4846
4189  5119
1890  3659
999  1007
353  4508
1056  5190
3728  4909
9  1473
1163  4498
136  2480
604  599
1961  4478
2615  2787
144  5044
5794  5986
105  363
1117  1120
537  545
2719  4278
6062  6151
300  309
1941  749
5241  4992
3859  4961
1287  1945
1842  4944
852  1990
21  1833
112  3412
2309  4006
5  6174
1228  4906
2489  2661
3521  4794
6069  6167
251  4631
191  2365
130  140
1009  1011
2678  4253
2485  4124
102  2027
71  499
2292  2497
3178  4576
5003  5591
98  107
1992  3962
27  1624
945  4409
867  2769
4628  5384
1956  5436
3769  3179
1836  3570
736  744
1057  1065
2079  295
1557  1122
285  5423
5  121
3  3495
4340  5223
252  2213
1711  1710
2086  1587
475  2487
575  1442
1714  1715
2451  3442
1974  3746
1199  4689
43  1931
2992  4439
1486  437
1957  4452
579  1682
2075  2229
3573  4835
182  1753
385  2341
4  5359
1981  3762
1654  3404
4539  3352
809  804
1275  1277
1969  382
114  4857
458  466
112  2044
4319  4251
175  5483
1575  5568
59  878
255  4725
236  245
120  4500
667  468
5417  5812
588  589
11  19
310  315
2237  1728
57  2471
962  2577
3966  5021
2718  4283
1518  1519
4408  5073
1466  3315
5106  5640
1276  3154
2038  2723
701  708
6139  6197
1591  1216
3542  4814
510  2345
3333  4677
4  258
6039  5966
127  557
351  2702
946  4043
2358  6168
145  1550
554  2472
5  752
6269  6283
1317  3168
5343  5300
1910  3682
1041  789
1089  2523
3066  926
705  1594
424  1086
288  2245
179  1255
1922  3692
3  2490
4144  5097
2807  4314
1181  1186
1557  1177
3431  4824
5  176
3  1564
2181  2697
250  4181
1834  1835
2329  4029
2095  3862
2079  3854
5716  5945
1999  3336
2952  4422
5820  6002
6279  6287
2091  3864
179  5819
3  409
1279  3131
1022  1031
29  3027
1041  1044
339  1755
2191  5613
739  2665
3061  4486
6163  6233
801  2725
579  1629
1067  629
1987  2292
4745  5461
560  569
2172  1291
102  3626
250  114
296  4431
3220  4600
1947  3014
4643  5342
3531  3674
1998  3770
1497  1502
4043  5054
3981  6125
4  179
176  700
2075  2418
1950  2652
2053  3827
2075  3586
3441  4841
3394  4729
3160  4562
6193  6246
2115  3887
1903  3250
1111  3021
4360  5232
3716  4901
3086  4505
1890  3661
422  2395
982  3028
283  2236
715  2647
9  1704
1165  1163
2622  4226
17  3285
220  6088
1445  1446
144  845
222  1438
6062  6153
1021  5440
381  384
4  434
2264  5807
3208  4592
49  3065
2246  1737
4121  5084
238  2183
3521  4796
4389  5249
248  915
191  2367
1620  3382
1317  3344
4  1723
1752  3272
2485  4126
2678  4255
2299  3441
5003  5593
4781  5480
3903  4982
945  4411
4539  5085
1941  3100
5807  5997
5  2217
777  784
527  4248
303  1093
2383  5138
1882  3624
5939  6072
2642  4315
811  2731
711  3547
1459  1491
252  2215
1940  1535
1870  1705
2420  4094
1974  3748
3312  2955
693  2604
43  1933
1786  142
1971  1127
2661  1308
28  1517
1307  1312
5623  5906
1994  1195
144  5785
1842  3578
124  1117
1734  5176
3  3042
1904  3409
587  2275
4914  5567
1793  3541
4803  5507
3985  5023
2524  1252
559  119
3960  6134
11  21
2710  4273
494  892
1903  43
1932  3713
310  317
1992  3764
432  428
89  2011
2  4752
1805  1807
3  3176
3528  4797
2486  4127
3981  5496
1237  1242
634  6133
243  5982
7  3002
1700  451
6139  6199
3  1082
6102  6280
5847  6027
1418  1411
280  2235
571  721
1924  2451
3616  4859
121  148
348  1322
33  35
1168  3047
411  2839
8  3883
786  2716
4273  5802
656  657
552  5932
2524  4782
163  2710
5675  5933
129  2079
1146  3180
3  3660
2322  4015
3284  4655
390  393
95  4417
17  2548
1889  3638
2114  1770
1915  4041
292  1440
1511  5385
3358  4698
472  1492
3849  4935
1328  3170
1968  1773
13  160
1703  78
3912  4991
1197  2835
6170  6238
2001  2071
1844  3585
2630  2050
1212  3079
2337  1239
801  2727
2805  1758
127  2224
412  407
49  355
2581  4201
2347  4034
544  2512
1067  1570
3016  5324
3220  4602
2530  4155
2927  5777
2299  3993
41  4557
76  84
2831  3221
4  4382
4176  5814
5  4755
874  1003
2050  3824
326  1400
3441  4843
9  646
1701  1805
125  1531
5625  5912
4360  5234
2092  3124
125  4914
4378  5251
1890  3663
548  550
422  2397
4  423
3982  5022
1191  1181
715  2649
18  3475
4355  5240
267  2230
38  192
1445  1448
386  609
5131  5646
3011  4454
3866  4968
3081  1480
4490  5320
629  3521
1971  2847
2430  1146
3025  4473
554  4515
2145  3902
1701  1939
754  4051
762  4400
238  2185
2112  463
62  1959
248  917
922  2817
191  2369
5  930
190  4359
3412  4747
4781  5482
2589  4185
2883  4366
6252  6265
3798  4931
1900  4606
128  448
614  607
127  4949
23  1859
5807  5999
4000  5038
846  849
1926  3696
303  1095
1419  1421
4908  5563
44  53
1900  4619
1451  3295
127  990
509  2489
906  913
1928  372
2013  416
1227  1493
43  1935
491  1573
955  1155
1307  1314
667  459
5623  5908
251  2207
158  1750
1842  3580
4766  5469
1378  2133
606  2556
5  4810
22  24
424  3976
2377  561
128  716
1274  1379
2164  453
2148  3892
2237  2658
878  884
69  257
1999  3769
1956  2904
4  5726
240  1307
351  357
310  319
2221  3589
1956  1039
2002  5356
89  2013
651  5429
1028  949
1506  1513
2  553
105  1240
1805  1809
163  3396
1942  4295
2360  4054
2657  4240
1986  1103
1836  112
1237  1244
101  3191
5854  6032
764  768
294  4000
225  2180
144  3009
3046  5634
1895  1860
4  491
842  836
5847  6029
3  2252
2117  6110
2158  3896
864  2517
2870  4361
1670  4078
1968  5492
144  1144
299  2250
3285  6037
1917  3726
2010  241
1402  6249
3616  4861
5207  5709
869  2753
33  37
1168  3049
786  2718
27  1912
3463  4767
2881  5580
4319  1719
20  1909
39  1922
529  5987
3041  4485
4  1901
3206  4589
2411  4089
3560  4821
129  2081
2322  4017
1025  5107
390  395
2325  4022
470  3542
162  164
2102  3869
2066  3394
3919  4996
121  2728
1974  1590
2892  4375
1641  1646
249  3142
3912  4993
5531  5903
305  2256
3056  4483
1198  3062
138  1096
1346  3189
5220  5718
6170  6240
3469  4773
804  812
4570  5757
141  4669
5941  1169
1758  3520
1792  3104
2156  3300
3  6132
2069  1840
2201  1996
1005  2909
1932  1313
4282  5182
455  2442
2530  4157
2927  5779
3223  4609
984  985
820  1816
5276  5747
637  877
3147  534
1385  3251
5643  5918
5  1603
1890  3652
999  1000
4539  5868
1022  1398
4390  5250
38  2167
3350  4690
65  2004
2847  4335
1114  1108
537  538
4826  5524
1556  3375
341  2289
2017  2309
246  5206
571  2522
4695  5189
20  433
1890  3665
176  946
267  2232
7  3059
4453  5548
1445  1450
177  1026
1945  3722
6050  6147
2279  1797
3197  4582
98  100
135  1150
7  1904
1961  1572
2630  684
1656  707
122  578
1687  3440
4244  5158
5990  6109
1057  1058
2361  3384
62  1961
955  781
499  501
1987  2914
2577  4177
491  5750
4  5928
489  493
3412  4749
6194  6289
6252  6267
2267  6122
1800  1223
1994  1762
1766  1346
5804  5996
1022  1077
1787  2866
846  851
1954  3797
1926  3698
4664  5434
1923  5615
1419  1423
3270  4642
2950  4435
5035  5606
1752  3518
105  2021
1669  1305
5  127
5897  6052
2158  2930
4444  5286
1573  3408
3670  4882
2997  1635
5  2463
8  6181
2069  3989
679  687
5361  5789
108  2039
4822  5511
750  2674
5  1537
1591  5276
2275  2939
251  2209
1669  1668
3022  3627
11  12
77  1009
1941  3709
4078  5070
1989  5177
22  26
66  69
2666  5806
965  811
180  1524
2409  902
8  1417
3232  4618
418  763
2868  4341
3  2241
225  893
534  1877
264  1787
554  3283
2004  5175
2360  4056
2735  1718
1021  3163
1516  5357
1048  1051
532  4692
4735  5474
2875  4357
1451  2868
2158  3898
2870  4363
5135  5650
5214  5714
962  1778
1776  305
2156  5959
2646  3608
3451  4759
125  2072
3616  4863
5321  5776
918  1708
5670  5930
300  4813
3027  4468
869  2755
27  1914
656  661
1728  3913
4892  5555
2204  5074
368  1426
3637  1889
92  2016
39  1924
4  1903
2411  4091
129  2083
2322  4019
1591  1585
390  397
856  1136
68  346
2325  4024
162  166
1022  1024
2102  3871
38  5994
1703  1358
5227  5723
1361  1365
560  562
305  2258
1198  3064
1390  3234
4738  5451
1573  1140
2027  3296
5  424
1539  3478
817  5937
225  1861
3840  4193
3998  1332
870  4551
1990  610
2544  4165
2094  438
1287  4839
1904  2529
124  1176
31  948
17  1050
2312  2997
5651  5919
3844  4958
907  1292
1564  1562
984  987
5254  5731
61  1995
1385  3253
5  4988
572  4318
2898  4383
6241  6256
2254  6038
38  2169
65  2006
3081  4504
3315  4671
1899  1380
21  3922
1516  1090
2590  4186
351  5783
1098  1102
2634  4229
8  425
2035  5361
300  304
341  2291
380  1236
1930  814
5830  6025
1890  3667
422  2401
4  427
2314  5163
5763  5971
2164  3906
267  2234
852  938
3066  5404
5886  6041
1445  1452
8  1485
4478  5314
4285  5185
1945  3724
6050  6149
4684  5419
5200  5713
1857  3611
2890  4397
23  1729
1451  5030
1924  524
769  4444
247  1070
1694  3445
1294  1296
736  739
1596  1597
1057  1060
62  1963
248  921
103  1735
8  2666
218  224
1343  2585
176  4465
4572  5376
4892  4563
489  495
1701  3461
126  3560
769  2700
475  2482
3337  1544
1909  1168
145  5236
38  5110
846  853
3296  4660
2232  2989
628  630
283  632
76  5257
1462  1472
2510  4138
2066  4390
249  755
5028  5605
38  1740
3823  4941
1940  2938
86  6066
1941  1362
3568  4836
1782  2766
458  461
5  1647
3  820
410  420
251  4076
5361  5791
108  2041
1657  1660
516  523
4191  5121
4631  5393
5291  5668
2228  3354
2116  2130
918  1213
1589  3367
2831  4327
424  1644
11  14
1399  3243
1041  529
2143  3889
1749  1555
2184  3927
1941  3711
3  15
3475  4779
22  28
5754  5964
66  71
249  2407
2172  2533
938  939
1994  3429
1941  2785
389  882
4026  5124
1994  3779
559  2461
5970  6090
5548  5872
3500  4785
121  20
1679  1674
572  1353
295  5505
424  960
3407  4742
1048  1053
5645  5926
5191  5692
337  2883
179  3236
533  1482
5221  5719
1910  1583
127  3948
5135  5652
4593  5369
1946  984
14  809
5318  5773
1557  943
581  4569
1068  715
4880  5547
1382  5786
1753  1757
656  663
251  2829
1786  887
247  5339
180  2131
921  3297
3169  4940
717  5224
2102  1766
472  4639
2325  4026
427  695
1910  549
2195  3916
2308  5254
4424  5280
2102  3873
9  3309
2500  4148
1205  3069
797  800
1921  5905
560  564
1722  1723
892  2959
3904  4998
2734  3160
1765  3527
5  426
4154  2894
823  1324
76  77
956  2836
2690  4258
1209  1215
4  1113
1792  3000
424  652
2127  5168
2094  2776
3346  4683
2284  4105
61  1997
1926  2145
353  5552
1842  2942
1890  3656
4106  5081
1204  3099
4932  5574
116  2054
1289  3143
1163  4495
1022  1752
253  5213
1098  1104
537  542
108  365
1947  1278
842  4036
682  2586
300  306
1850  3597
1155  3035
17  1415
684  2632
548  556
928  2992
1015  2917
4568  5354
2314  5165
4587  5367
4408  2921
201  714
3  4405
5254  6096
290  5630
264  2194
4852  5527
1980  2781
2047  5952
4478  5316
496  2473
2237  5066
1022  1994
3539  4808
2007  3786
856  4213
130  137
728  729
1434  891
5855  6033
247  1072
247  3058
3363  4703
1694  3447
2440  4957
5807  5992
110  5941
1333  3175
3476  5290
2906  3188
44  46
551  1311
475  2484
1836  655
5315  5772
3274  4644
2683  1695
248  3380
2314  3555
5901  6054
3  580
5035  5610
196  2143
1981  3759
102  3676
76  4441
2051  3037
3823  4943
7  177
1459  910
2164  2648
2201  2981
152  2221
6124  6183
6039  5816
3654  4878
1670  2298
1620  2706
128  3032
3920  4997
49  2510
4541  5344
7  298
338  1566
1100  1098
325  2270
108  2043
1657  1662
236  242
2068  2428
516  525
1901  1793
1245  2657
4650  5408
424  4908
2617  2643
1699  3241
2831  4329
2036  4583
11  16
1399  3245
310  312
621  4146
423  2404
49  3920
158  2106
22  30
2136  3888
1707  3482
2300  3996
1173  5009
226  705
2698  4271
3838  4954
38  2347
762  4098
2114  2449
1792  1203
2715  1592
1994  3781
3  30
4204  5132
3500  4787
2471  4120
2281  1744
2826  5516
1933  280
116  1075
4216  5142
2638  4233
262  3115
2464  4117
1022  1820
1317  3165
9  4103
3634  4871
5191  5694
1787  2562
1591  2852
2114  1873
3998  5040
852  1237
110  4010
43  2559
962  1782
1946  5187
558  5570
2153  3908
4880  5549
3555  4820
1636  3389
1753  1759
8  1905
3191  4580
2399  4085
113  3126
507  2491
2079  3851
4  1907
2332  4031
473  4829
6279  6284
2265  3223
2974  4437
1891  538
2195  3918
5343  5781
38  858
4424  5282
1904  2399
4629  5391
1924  3051
2500  4150
3900  4989
18  1818
372  2316
3462  4763
1379  1386
1124  1133
544  2507
4741  5460
3904  5000
2229  4158
1497  1499
76  79
3  3213
32  1699
2231  3938
359  633
1890  3645
2635  1584
929  934
946  349
3160  4559
9  2627
2493  1063
1070  5195
984  991
963  2854
1383  3211
2232  5866
703  2634
4359  5004
5066  5620
2345  4467
2835  4331
1204  3101
219  4921
4  1586
1289  3145
3312  4670
1163  4497
5508  5857
726  5139
1098  1106
1703  2906
2315  1447
300  308
3859  4960
101  98
2024  3900
2003  3777
7  4112
203  5973
1015  2919
29  1656
8  4751
941  6087
846  602
178  2129
2184  4239
1010  2925
179  3522
922  2812
5404  5749
3  2313
4867  5544
2007  3788
130  139
111  1846
102  2026
151  161
5443  5825
2719  5458
4004  5031
3956  3822
5855  6035
5538  5870
1675  3436
247  1074
2007  3680
338  1192
1333  3177
1749  3506
137  1323
2325  3144
10  2679
2059  5425
130  1549
44  48
252  2212
33  3831
2946  4430
5167  5674
3281  4649
769  2704
3637  2069
1974  3745
3956  3246
1529  3331
43  1930
5  1409
2396  4084
2394  2991
1950  2462
1981  3761
2201  1815
6273  6278
368  1848
3  703
1546  1554
534  2554
1700  3455
63  2676
1842  3575
458  465
898  737
5  2819
4638  5400
3120  4542
1888  1826
3732  5823
1657  1664
63  1979
4070  5064
5921  6068
4  352
2375  3112
878  879
4754  5467
3470  4776
3169  1401
2546  4162
123  5147
586  4154
863  2742
1900  3004
654  2568
1459  1275
3  5267
423  2406
158  2108
1591  4585
30  381
66  75
1506  1508
4180  1273
2077  3431
3838  4956
127  435
5106  5639
2038  736
1276  3153
1233  302
4107  5080
165  2124
349  1716
1301  1345
1994  3783
8  605
53  1839
534  1883
1616  1622
718  243
527  4876
2654  4243
76  6108
2464  4119
122  5995
3009  1667
2823  5220
8  2712
264  4358
1317  3167
1827  1697
3219  1369
3095  1599
247  900
2807  4313
1903  5075
5306  5767
8  1786
1880  3630
3481  5691
1724  3275
1636  3391
3619  3531
2013  116
979  1320
2329  4028
472  1489
2079  3853
852  5682
2936  4413
6279  6286
418  3360
8  981
1279  3130
2088  532
804  807
3480  5829
32  1459
2119  1013
6093  6173
3462  4765
289  297
1531  1257
1930  3706
146  285
1556  792
179  6060
544  2509
1958  2758
609  689
1787  4337
1842  4798
176  5008
5067  5632
424  6241
637  872
4274  5178
558  350
1987  5795
1497  1501
5729  5953
3  2986
32  1701
2231  3940
1890  3647
352  3628
252  3690
252  1475
1230  4540
1846  3991
1440  3303
3160  4561
2115  3886
1067  2977
2761  2048
133  3338
703  2636
1095  945
1922  3612
1419  1271
2835  4333
2281  2498
1600  4995
757  6255
2622  4225
1366  1152
187  6139
1163  4499
285  1197
4369  5256
13  1943
75  3346
381  383
4568  5358
8  2767
89  211
2309  4007
2223  2506
813  2642
5971  6091
238  2182
4665  5412
241  2187
4389  5248
248  914
922  2814
4  3937
1009  1012
169  1264
102  2028
728  733
4781  5479
706  4623
3903  4981
252  1972
4004  5033
124  740
3988  5025
1444  5491
3024  4460
1819  3567
1749  3508
2223  883
1462  1465
3  1739
870  5754
44  50
252  2214
4324  5216
3281  4651
1956  1707
5899  6056
5171  2348
1974  3747
43  1932
127  3323
1896  4443
410  413
433  1565
1981  3763
28  1516
1936  2300
5291  5661
2170  3635
1700  3457
2761  6062
5952  6080
458  467
112  2045
3  826
321  3616
1362  1368
1943  2545
731  5931
5048  5566
3310  4668
158  6069
4638  5402
2578  4224
1855  3600
5509  5860
1412  3067
424  940
2228  1374
4443  5284
4918  5577
5238  4764
654  2570
2710  4272
2326  3343
351  354
805  2739
1949  1141
423  2408
1575  4643
89  2010
1506  1510
1811  3543
2014  3377
1575  563
4  367
4463  3024
5296  5765
1952  5882
225  2177
2460  4110
3127  4573
1301  1347
124  4754
826  825
2067  2314
3398  4743
1199  4490
3034  4466
1924  2908
582  2535
125  4282
1854  3603
6066  6154
786  2715
2735  4291
2176  5761
5887  6044
1064  1124
4144  5098
4479  5317
31  5936
129  2078
870  5459
2095  2803
2322  4014
1050  4343
2051  747
2153  3912
3822  4939
126  696
5007  5594
179  559
208  213
3  2733
3358  4697
2153  3804
2892  4372
1641  1643
127  4196
5820  6003
1644  2880
3791  4929
1974  4741
1081  1720
5220  5715
4516  5333
1591  1004
2463  933
197  1636
4782  5489
1943  4344
1279  3132
2027  5735
554  6111
2612  4210
316  2267
255  6165
372  2320
1022  1382
58  1864
364  6071
11  4263
1981  1724
6139  6227
3956  2269
2058  4159
57  2164
544  2511
392  2383
1906  89
3220  4601
1940  5106
2094  2540
968  974
2991  4448
1987  5797
1385  3248
6125  6184
177  5090
32  1703
2231  3942
1890  3649
6039  5888
1999  1606
1055  2969
907  2805
967  2856
110  1478
1111  3022
5196  5697
380  1231
3  3459
703  2638
1890  3662
6229  6254
4362  5242
1590  3370
13  2871
2559  4171
1993  1279
1996  3765
163  1354
870  950
1484  3324
6050  6144
1165  2561
647  649
145  667
4369  5258
2070  3835
874  2762
4695  5428
491  4458
262  3174
494  2477
4463  5307
238  2184
637  4633
2254  1040
43  1679
922  2816
2336  2799
1787  1574
1620  3383
2530  1618
1009  1014
4217  5143
728  735
1495  5603
4781  5481
2883  4365
3411  4750
725  4867
21  92
5804  5993
5807  5998
3024  4462
846  848
1021  3818
398  2378
6094  6176
2176  1857
3767  4920
1157  1649
2254  4665
1462  1467
5  353
321  330
3117  4545
44  52
3557  4817
252  2216
2249  4735
3147  4653
2429  1404
5899  6058
4694  5431
29  3312
2156  1016
509  2488
1920  1005
75  1967
1909  4788
1969  3755
637  1626
2345  4042
1033  1037
146  5940
516  518
2614  3385
5291  5663
1650  1652
251  2206
2343  3565
249  5543
179  2037
5831  6021
111  2576
1002  798
1217  2672
22  23
902  2782
1943  3715
5509  5862
1123  5410
63  1983
1343  3198
1735  1736
1842  6036
1932  3714
2377  4064
68  1953
1670  2896
144  1948
89  2012
1900  3358
5224  1542
1811  3545
7  2064
129  778
2023  2152
4170  6187
1287  4447
177  5629
1935  3207
2271  389
760  2688
5135  5647
1365  3212
582  2537
2295  3082
1942  3718
6066  6156
75  262
121  378
2906  4404
4864  5534
1168  3048
786  2717
27  1911
92  3060
1673  3449
4293  5193
950  2825
1165  535
3  507
249  3946
20  1908
3041  4484
4  1900
4479  5319
129  2080
3  3890
276  787
390  394
962  4232
229  1200
762  1434
6006  6118
5464  5835
2093  3863
5007  5596
2049  3039
2681  3252
208  215
127  5245
1834  1838
73  1976
2607  4205
112  2907
5545  6295
2892  4374
1641  1645
2145  1407
5820  6005
1487  3393
1390  3231
4516  5335
1923  3694
1701  612
5486  5836
1511  2474
179  574
2254  303
855  857
8  167
264  1813
1434  1436
6241  6119
1478  1479
707  1107
3  762
4282  1088
1928  3930
1839  3592
1209  1210
544  2513
1920  255
455  2441
21  1920
2927  5778
1702  32
3558  4827
4  1458
637  876
1890  3651
1798  6277
2039  5171
4176  5815
5  2770
1999  1608
2267  4806
1055  2971
967  2858
5965  6089
65  2003
5492  5842
1098  1099
86  76
282  5909
1157  1154
300  301
129  6081
2133  3880
703  2640
4343  5231
422  2398
2268  5273
2003  1326
1952  5939
128  3348
914  2042
1702  3549
67  1123
547  2514
1445  1449
1942  2255
2857  5035
6050  6146
5200  5710
647  651
3191  3339
424  2299
5417  5415
2070  3837
276  600
4  2881
135  3364
494  2479
3025  4474
247  1067
1787  3670
2222  1612
3733  4911
5653  5291
62  1960
218  221
4217  5145
2099  2336
280  318
1352  1355
1343  1764
2883  4367
4  5338
918  2820
2275  3959
5151  5659
247  5510
1894  4792
338  1198
1776  1767
846  850
1916  1289
3296  4657
1926  3697
398  2380
2034  1281
31  637
285  5886
1766  3681
952  953
2399  3328
1752  3517
2285  3980
1397  3289
1462  1469
3098  4534
44  54
21  4766
177  2798
4694  5433
8  4423
495  4541
2069  3988
147  5255
439  445
6015  6127
43  1936
144  4728
410  417
2345  4044
2035  5279
747  2668
236  237
146  5942
2579  5379
6171  6236
127  3448
4805  5506
1307  1315
5291  5665
251  2208
528  530
7  2750
3  1059
870  2859
2184  3924
2053  731
1001  1100
22  25
5209  4175
9  5950
1943  3717
1707  3477
878  885
5750  5963
490  2466
3619  1872
520  359
2003  442
68  1955
756  757
1021  2223
2148  3196
508  4856
3003  1761
864  290
1805  1810
5  2020
478  483
1305  3150
152  727
2657  4241
190  4402
706  3501
2968  5042
5  155
4769  5471
264  3304
116  1191
1301  1351
5165  5407
2823  3119
353  5978
2158  3897
1968  3736
249  4874
5135  5649
5195  5700
138  842
2070  2966
2127  3500
962  1777
1942  3720
2391  4778
350  432
869  2754
4654  5955
4864  5536
27  1913
4312  5208
950  2827
5887  6048
25  1022
92  2015
4  1902
6039  5395
2524  1981
3370  5156
2358  2443
3810  4933
1870  1871
5007  5598
32  284
1050  267
29  2201
411  2266
208  217
2529  5600
247  1377
1981  4748
5227  5722
2892  4376
1940  3929
503  4191
1379  1381
2091  2112
305  2257
945  2846
480  5227
1124  1128
889  2951
5486  5838
2554  4731
2428  4097
2645  4620
4344  5230
2048  3812
3469  4774
637  636
1027  1316
132  1403
1890  3640
1980  4738
3797  5892
10  2056
1972  1615
1901  5347
1070  2975
144  1992
6296  6299
1903  209
6125  6188
1890  3653
2039  5173
1954  2362
144  1884
116  2051
2757  4406
143  1659
65  2005
3081  4503
5492  5844
63  5315
1534  6061
424  4274
1199  4536
2133  3882
5830  6024
422  2400
424  2409
983  6079
3066  5403
4478  5313
4285  5184
1945  3723
4973  5521
6050  6148
5200  5712
1857  3610
1010  2920
647  653
4452  5297
130  134
264  2312
121  314
1382  5717
709  713
1679  6169
151  156
1947  2456
2112  803
1800  1211
244  5753
4669  5416
247  1069
3363  4700
1694  3444
1931  2862
4152  2645
499  502
270  679
2577  4178
92  4285
218  223
50  1844
901  896
1701  3460
2275  3961
4720  5438
124  3190
475  2481
2961  3242
5552  6234
335  929
873  2756
5315  5769
3670  4870
2015  6252
1509  5626
55  57
1842  1342
1219  4332
4500  5327
2748  4302
4664  5435
3065  1205
104  3369
412  3485
1881  3633
5035  5607
1972  3751
105  2022
249  983
1836  894
1349  1301
121  919
4  4306
1424  3286
127  175
1954  68
2069  3990
679  688
439  447
458  460
1337  1331
1787  4277
5618  5904
2161  5915
4198  5123
906  1266
5630  5914
236  239
750  2675
5775  6009
859  861
5291  5667
2314  3097
3135  4552
251  2210
48  1356
529  5830
1589  3366
2474  5449
413  2393
22  27
66  70
4447  5288
1157  4244
689  692
1561  4822
169  2117
2337  613
2381  4066
1656  2615
527  4979
701  702
1624  1616
4  481
43  1604
1994  3778
1932  685
32  957
1856  1858
257  1304
1616  1617
200  541
258  253
1656  3904
1305  3152
128  143
1358  5378
637  5618
6249  6268
253  259
3986  5027
443  6018
686  1309
2248  3671
1904  3080
1766  5590
4  6092
1511  4317
2158  3899
136  5228
1923  60
83  1137
194  2136
3451  4760
1968  476
2715  2891
27  1915
1019  2929
656  662
5  3553
1531  6258
5459  5832
110  2034
492  904
2093  484
1917  1985
96  1089
2300  1457
247  1258
78  2203
3137  4546
2593  4190
129  219
125  1497
38  2023
3408  4753
4  2146
38  5406
2607  4209
4606  5377
1287  626
1932  364
289  292
1971  3739
6095  6177
305  2259
1124  1130
6139  6220
2569  2641
21  5065
1478  1483
20  2396
1890  3642
128  1929
1987  2528
41  469
1209  1214
6062  6013
1459  3311
3797  5894
3160  4556
963  2851
1847  1851
123  659
2222  193
1890  3655
2075  668
1920  1548
531  575
3  2176
1382  1384
6241  6257
322  4144
3315  4672
1930  923
753  129
4  2751
3479  4780
1027  2849
753  1297
68  965
1850  3596
599  601
2023  3487
27  1836
684  2631
923  927
2253  3949
2003  3774
424  2411
424  196
5413  5822
3066  5405
172  1143
870  3171
4459  5302
1935  3266
178  2126
4684  5420
353  666
922  2809
5552  5873
1968  2625
2890  4398
2007  3785
3893  3349
151  158
431  2427
563  2583
554  548
141  150
846  1888
247  1071
3363  4702
1656  5140
1694  3446
264  1388
2065  585
1356  1357
1910  711
1202  3105
284  2242
1701  3462
44  45
69  1041
2278  3968
769  2701
464  4280
475  2483
3867  4972
2207  1055
5315  5771
55  59
31  870
285  5890
199  225
5472  5839
1969  3519
5035  5609
1972  3753
2092  3855
196  2142
997  3359
1981  3758
520  1973
325  1209
3823  4942
2761  2903
56  526
1546  1551
3654  4877
3568  4837
577  642
458  462
8  1394
1362  1363
1287  3138
268  5670
1591  4340
754  3843
2578  1775
750  2677
5291  5669
983  3558
423  2403
3178  3325
158  2105
127  311
2231  970
2295  6095
2300  3995
2888  4394
169  2119
3  366
1441  3187
786  1300
2134  3410
17  5899
2211  4825
3926  5002
127  1600
918  2624
3507  4789
4026  5125
1994  3780
257  1306
264  4234
756  761
1616  1619
3500  4786
1941  3136
387  2355
1670  1855
5008  5599
177  266
412  5502
5191  5693
1223  5192
1674  1681
5  2374
6249  6270
1123  3564
63  2352
47  3539
2039  4438
4  3061
83  1139
179  1601
194  2138
2384  4069
1086  2985
3555  4819
1989  4967
2023  6012
2285  1582
2195  3086
20  975
887  2775
21  2597
356  2321
4416  5269
180  2132
4400  5261
472  1486
759  2711
110  2036
473  4828
4583  5382
4825  4915
3593  2199
131  2095
611  1500
1870  1875
249  101
78  2205
427  2093
2593  4192
4733  5447
49  3840
289  294
1524  4513
1930  3703
1971  3741
6139  6222
4513  5336
892  2960
637  869
17  3147
144  5137
4277  5180
2506  4142
961  966
1890  3644
92  288
1260  1262
855  5414
3943  5011
870  5951
211  5083
6016  6128
274  1167
1039  2956
5175  5633
6277  6290
61  1998
1847  1853
4635  5396
2274  4815
837  5077
1890  3657
21  4033
2148  3134
346  531
5168  5751
1923  1969
176  3503
5508  5856
2480  611
436  5793
1155  3036
599  603
179  17
2023  3489
4280  5181
684  2633
23  5102
1222  1225
2003  3776
3259  4634
4568  5355
424  2413
725  3573
4539  5068
158  1247
249  2826
1531  704
178  2128
1010  2924
922  2811
3539  4809
2007  3787
4781  3490
6251  6263
1318  3161
5855  6034
2591  4188
1675  3435
247  1073
1232  3094
8  4174
